66071402
55937125
97911499
79090306
90521307
63842934
63792908
98567116
13854453
49064695
58331592
50630257
89377285
29653747
96657604
34698637
58192790
85909536
32061088
12663964
15431267
28536398
96467192
80468363
91625592
48155623
71448224
99266803
23503949
72773096
16588355
51241709
35887889
46515040
30389833
67829146
58859228
67202142
91414664
76765600
12202162
47269655
84440021
42898812
11889973
25286156
39602325
65468853
37531197
80717177
94926296
72922155
60872756
53047521
59877360
13743655
81802800
19559522
84966404
74158997
67766331
80479876
49119999
92951527
99270189
65656052
54282884
79420478
84835136
80917256
61978817
76315466
53032462
41108561
20569053
23202263
73252125
67300843
31091787
80299328
60565996
59290544
50758992
40513647
45468330
53078729
25696075
51692330
38722618
29997469
84299007
27124776
50313936
74722681
53590910
82210731
37175551
51581578
87286161
12969439
76056151
90864873
36446835
64890770
59689578
40866328
35846986
87760342
60900319
30824514
30083352
22245573
19556678
61753484
19212576
78539945
45718946
74051414
92040585
25458490
97220929
32454568
78487464
96803745
45510095
24774870
24250121
47859735
24779310
42603308
34594993
49964024
57737187
11436843
49783132
94248430
17282375
99928559
22341051
30923158
38722883
27117828
69631391
69965292
31070871
45734001
66190914
91032410
38895734
85225215
42076641
24042244
97154532
37288854
60043543
40634149
10668054
66981229
30659917
92597259
70592588
19075995
90819547
44970984
52753482
47029786
89058989
31179953
11169563
72459913
27691062
51614350
14862694
25022035
74266850
32192993
47380431
30691104
85554329
42264139
87183734
63651582
24856132
14648984
18617027
30097107
16803560
31610956
35894342
64669396
33764797
83543794
41700853
85251794
72666939
46881545
91431800
71815204
33610625
80972976
68194424
64307612
37852675
87664861
24862475
17050114
99709305
90163816
44810491
80285372
34441569
36476036
53995645
95845034
95333113
69635418
29630551
73637144
28129622
19249160
96778573
23010792
95639381
68908711
61289399
75069846
72284676
25368354
67682301
12137213
27548237
79764723
20513993
83585954
83199580
46962272
59904898
28584198
15728229
98518653
51355141
34991917
42177258
91237790
29682153
24846914
11862892
85953110
46637807
91471879
43810709
51820093
97165823
42625950
22516733
75171018
73220500
73428870
54008547
24463091
68055867
83100210
26980163
44638458
79714912
10635204
74371426
76696011
41455192
95590062
81665509
70930734
29514293
13104980
59952854
24600788
18571756
86821566
52109947
43656311
79110857
16777019
65620677
44950193
23917861
93351355
51367458
87963484
18375684
57181098
31101934
66184135
10556444
73271579
34623677
24233425
15696976
49708712
71201784
44485136
68834316
85003636
76336243
58843718
20893777
32056346
86746623
93114519
37285205
78764380
82456219
67294298
21072676
96198742
31175456
22045003
91804286
92967465
12667111
71021196
60856115
22704298
86142158
52177048
17013601
21917402
95474505
53046036
75926940
37928167
16072349
83791262
78547752
15797483
50075777
91993355
31903085
20537102
38872634
48077158
63705447
63523222
24934788
22271503
80904455
95132958
22069746
98988862
89131975
96104165
50709571
40959554
61380553
77035533
41499787
76034009
46522087
55719001
44633209
37832385
42236608
66833298
76393096
60514374
99051037
19680447
64016843
91054101
61742301
91860378
83003383
98941596
19862041
17474009
21837999
47137040
16609281
27217553
10803152
44163692
88131266
23216812
26984985
54163121
28300728
45495884
49178130
18250800
33273786
94980917
53625079
89251894
12500882
88620482
97127784
50110238
89644146
50056448
73861751
45680579
33264635
25131184
69156150
33586818
60824199
13470427
74004516
98070076
73503125
35805131
38672006
28608452
77938906
65768029
80966808
12828282
14725157
26845168
17825497
85907613
92915889
67281583
36109103
44359887
10667378
48499583
17786437
15754007
38820892
60416495
78143701
45469421
31318623
17908119
65138423
79140645
83688485
72554204
80449692
26957350
63180170
44732971
24711583
75278931
80233921
77611118
51827222
64689170
46285228
85220808
51101745
66242618
35654432
46045206
16709788
87773390
88454358
26248630
57376471
78266294
73328556
98894924
94072842
59182921
44764640
36821115
29969361
24548592
20117381
42799529
27069802
84854976
35587795
56544232
58668003
75185936
13350801
82711426
45816909
61632961
88812967
42099992
16869378
97316116
83567511
55907983
26720365
21220591
43717696
50316657
14842201
80296901
58295797
84368890
33168413
61080093
69852839
75990694
28050492
82593446
39162331
32168660
70945231
44402043
21905600
72781214
81947567
20949618
88542467
46127846
31052174
47911950
21213766
77976180
77131353
38412742
85380987
49437020
29790648
48680966
91218404
46603059
98864306
33986799
33488974
60739888
37573581
39202528
79077266
26304788
48436702
34660621
19960753
91390041
26281354
88188775
63393147
71474881
73872006
91062279
13841212
85207444
12705498
74383016
51865536
41090338
68351807
88926269
97617513
59881636
96940894
96473596
99380160
17221221
20043715
30071311
89248270
11332441
27496022
75063223
36457357
11472779
71943254
29219883
43338831
96899402
76939508
43091464
44221160
57275856
78679396
15856850
77509107
66414403
96063711
85863785
54830041
55062636
57017905
88780425
13741013
30450870
15674402
28350517
84115460
10182929
25133568
96679477
22495330
21236223
96226415
12699304
44822412
51830010
24588657
53990409
58349714
23093492
73842443
72010994
80774732
44671088
75248290
25584872
97238699
59468740
13095835
59299191
23156794
94555394
47457737
18903068
58935350
98193943
63742126
34587719
63089323
82170322
29024700
20464478
49024139
33694938
85872144
70892991
15076048
17266188
50188584
38328795
29439188
19265813
34664422
84912301
25092290
99671808
87221434
28704559
37863355
94152608
23510082
22392093
45116872
94542444
84066754
71947851
11833649
99954770
42577958
42398568
17320761
97995784
86239830
28420112
21759788
83709793
15627696
23602315
22316319
17234203
51181052
76651423
62961531
76132911
54774618
95640315
69295773
30093453
63520080
24161498
16900927
81967450
93460859
17226342
85583826
38307960
69207676
65424189
26568289
72848865
45465948
23783792
11666025
42158380
51027071
46223447
66751881
70527826
69361069
91428208
58415178
45110857
27699438
78907873
35646684
10661606
11930953
90555970
42338070
92259815
73406873
81260984
97564366
43701349
12646756
27560436
65113049
12129136
50121173
80140482
33219871
90597411
91020176
21335280
79422563
51944948
69013992
87847207
53259902
23114548
62948427
63326554
97490592
60066661
52285045
79369838
32057559
69894286
96286624
28662850
96437645
86317900
72437397
41759457
29753197
78282258
64053159
36670611
27207598
34939120
44239543
71412766
85467606
91422729
91479791
67324934
40249394
86593029
49395775
26647228
48011882
90494928
49566370
64668678
15781332
90864105
29639047
19408725
57863458
98933720
84034871
26345962
37985366
11934824
15066639
37116640
16298170
77090659
19548779
84630409
85329900
79276550
96220536
39037821
52733090
56159228
29481009
78624755
10491038
88553825
92807386
35811561
13488695
13328929
44489063
59814453
14852017
20462726
93178322
52900973
71300736
77791637
72631607
67020763
35325048
93252553
57146103
34463751
33839409
22141360
40707386
19431674
69172839
24031381
53951204
76972991
93102449
21902271
15175136
77678105
40564753
14615450
27776323
22403360
45347548
22143611
80753904
57472368
34851147
12826170
71531251
53568831
18347175
22062054
72487618
51247154
76089633
90905854
53932731
85380146
60921106
85779970
40296589
21686356
72283503
68254547
76470447
45533819
79631923
58677745
30413605
58260823
68594907
64061880
74302331
88741986
76768865
66833715
84633752
15738200
57248680
87698446
94667818
48090897
46755630
91443094
88071815
72906234
50271133
11925481
63414424
65755371
13029775
27397114
43557514
16165154
92181496
79584062
36781714
20694781
61461316
99852862
19442337
46345971
51056025
83595865
52867971
39387380
84387310
57345326
15708868
79926515
35066897
92361413
72227130
37262060
53821033
25180784
39451866
80643035
44456653
10221889
40796072
16366352
25786765
39233392
85336218
13879676
13831884
32273785
76570933
68904879
59145739
52219606
82419983
94629085
56663462
41577434
89680545
93212125
38986139
56419605
17978463
38248046
51039401
35870746
18116236
29659478
21138792
52458763
77925352
24184999
62942611
70828609
31413384
28301853
89902482
25475310
87579807
38510124
77698276
89088202
26951166
86752266
30706772
72722433
38392298
56916642
54984118
54167680
24359104
38517393
38020197
51472720
94954104
67289551
59699388
22096367
83330156
35849333
62796166
50069844
80437904
48872914
52322243
16211786
61556468
25743752
59915773
35888987
95806423
59884878
40403139
66836852
49606779
82556548
55668558
20970902
80352753
67270481
54219607
34220520
50445413
19593831
56484101
88703289
17015698
52937315
67294814
62039211
25309429
56000419
60030191
13707400
23427239
27922481
32195116
62047043
17765304
99521085
71866406
45648084
84573777
64353525
89498625
64616767
77780067
29277453
62785539
69324589
53765873
80981023
90205016
61125497
76863162
21429354
32652364
24181602
13678008
35211133
89402202
30162119
37577881
83157808
24522756
32488503
85418825
17170398
57807308
94093434
29333069
38495317
66312173
80526269
39858167
26506588
22960095
12755966
26871100
65142029
51755238
61328420
33568088
25727679
85741675
22418674
30720446
74864543
72682725
53737514
79812074
75378731
90144740
27259694
68615031
24717847
64873213
80028602
46017586
70747705
85501230
14321462
50840715
65634766
31120097
22064616
42928190
41313695
99730700
25074518
29193950
93960268
58963808
22906321
78505734
64832535
87053896
43010640
60344180
21074667
77096189
14539891
75905043
24080122
87751768
16088059
47766452
78790963
34458752
33596723
80207715
87587685
74990962
88346660
50997250
29154179
34481779
56464218
30242164
38169373
12295468
68989032
96860963
44912824
61967079
83979339
32170455
93301292
81579775
96461247
29635480
52466851
69264791
32886743
36212817
28392215
74066795
35614939
10013829
13232791
16927565
89458738
17865372
90431335
95690549
41251386
90951325
22884050
45834805
55968734
21916789
47107679
56321370
12971029
35734391
43384656
74628038
38086523
66322206
73064717
96448600
65180241
33468898
98076384
61827322
48381446
77065586
77334342
60440690
96290380
71741771
31235157
44492736
79142821
36310182
29404516
72731122
85742556
90108973
62833149
10509038
15152403
66038338
52779537
52209017
76415890
21958586
86008319
13724652
31508891
43982638
38059432
68329444
37100325
44265168
79164779
24615807
44521357
24658654
70479182
76132167
45456790
39195630
37548422
27053623
91158627
43731667
82904167
31440013
64078493
77216733
17845381
55727088
63393886
79074264
62460221
28708548
32305818
82765366
57869814
75456659
57920629
39864588
29490583
86596461
85349213
35344097
15095843
12613253
12735812
11936458
51709255
69286387
96274930
43424620
75939295
94464881
80327108
21441202
18493335
18672519
39695989
29973633
65870356
55614213
42632117
79473453
60672437
55692616
52239005
10552046
99475854
34205608
85174730
16474793
45691353
40270400
97479297
88783589
21659479
99329180
66744444
10426972
53762693
99108675
20820920
68713923
30365218
46922634
31251041
52807016
85985742
32569168
13494943
85572693
40963378
85344579
76933646
51531213
82737416
96728748
95344313
63263661
37635968
69065818
57934666
36376264
49683759
95688218
29398184
66910409
81858477
55272516
18640225
84151320
26283535
35084223
17004390
58042656
21672703
78058265
62820778
50179640
94124833
48884509
49861106
18671779
61145560
69772584
22610869
29189023
67362928
10623482
58261939
61444531
63831111
73399382
70273395
54930636
98485097
21288310
45738987
51092182
95377291
83834062
43930127
37550458
81886451
31418539
14253056
42329046
46713275
17736122
31280950
26016478
59426264
41512364
43542206
47243598
91589396
42685843
15690511
24975898
85341376
93755891
31223616
45113798
87468879
27953868
78265724
43637388
47315943
25967761
79464903
18634153
65355345
50670413
54261687
39459645
64346602
93577477
76762656
29538687
95850365
62145453
69699815
66313951
99854350
77487158
97822250
31115513
23415661
78415921
55237620
20941431
44277913
84787161
90881299
11181489
85563450
33814132
93322165
91411549
11543729
31485495
85753827
52569276
22892677
15910491
42775399
48575254
84649759
78662104
84374213
81054631
28390942
42494179
96087213
33006484
53741640
74344311
94497384
11638960
78802365
57648557
48161467
21519705
31978813
92858897
43152497
42660651
67159527
48283007
29164586
44633573
66478511
67556650
79839201
12204267
44533343
49823791
43465795
11174602
97963998
17932489
32308886
84762908
14175623
61531700
89008833
67111732
47245863
73635623
51973243
11049024
16177523
46237060
42989492
17603669
90414188
76558913
64745253
48965126
60653222
90762605
82790728
60106369
21139263
99620847
47713999
10447504
95048110
78718408
56148391
19076555
22870803
55257100
52847939
21013093
14946335
90732109
74333959
51166483
65010977
13641766
64414945
91906769
21819398
13027429
20281517
78816327
19493843
80164164
31012098
99804565
84604533
35309095
41255995
21932542
99240260
99197242
48994550
94283559
76760399
90091304
80281659
14313723
60785866
93036909
63124748
37175409
93526479
71483254
56667691
38470788
71604438
42331238
80878555
59886285
55785821
80957373
26487482
90094967
36878123
52180899
69818741
46895698
40223666
39777682
32203927
91858794
40599866
15776794
71548664
23324971
25553092
20594121
54859946
60451203
85886722
44674378
15556160
48739438
76250513
58807604
45424695
28075527
23926322
18983022
63921018
99228242
43559240
70540312
49857553
10154978
63906045
16288238
68187233
30111318
27260023
84974654
84044059
16349871
81313076
46648776
87764933
62453105
51550774
19757047
97272127
81609555
74627706
31161297
58083492
88529691
58965665
35078370
25507920
67652799
38594232
60820674
11515478
91876477
16846919
27115305
82255803
59552210
48847619
46328994
61031586
88036140
69765945
74873280
90877118
45481276
55771048
36276746
82649817
38638413
23417370
54886567
74320919
49670527
54076029
43727117
19962071
74246880
35566611
82357778
14949479
69181809
42600573
40094295
47877928
46620058
43704589
99693386
91563149
78124561
95072024
59913963
18685211
53104926
68331862
57991690
87218781
77536719
17707595
89780616
94342345
95829047
61907318
79927348
39997828
40791798
78844334
88907274
42193307
30628008
73902642
16283053
53081119
10802970
97205904
97150200
27350805
52750991
95750139
85979561
29758512
18191902
66465189
92374102
69921316
20554948
12612488
76880772
25837993
75958177
80853382
18237563
80250771
22697187
18966166
69937628
45730139
16934796
76468109
89918795
24118272
19717269
13113623
26355522
22919521
38757148
27359791
88620341
56186444
84568118
33017623
44276404
89947822
94510815
54365973
70275844
31355585
79507598
79911774
35470323
92046468
34148517
90700127
15256819
91088009
98885892
86310402
74135300
25002939
36374692
76406908
96524890
59689234
97874922
15561237
53285193
33229985
61103302
47231424
20456044
26090195
68893626
83916421
84215294
43362230
70104761
82978579
85519103
27905317
19384241
32023550
72352946
64798933
51262536
49143463
87724496
98966632
70827964
22233805
80818836
27774355
78484063
34824685
98599293
81067431
72612561
58504241
55595948
21273248
40101334
13520773
24740479
18243473
88081133
66949127
45739291
94990255
97513606
33220322
37448055
29744975
97426433
21194248
64512655
18392021
30444836
24537790
26361584
81184635
31120035
52772344
28955729
21849213
51407055
60565025
23496289
45678607
20170121
51760588
65926120
76822563
98204146
96575880
68237135
43982473
78653445
35543891
84485967
49449835
35292636
87366727
97422450
50209947
96010673
88508497
94744905
85673293
27444481
61489032
23370316
34149257
55943902
42276049
38049204
13125641
96824614
28900372
33018363
67159580
12426116
91249206
74657326
97856619
59967468
59579847
19968941
96575682
57708974
77709356
55776460
97576812
11496106
24340733
38046556
24305175
39460420
93431083
74979407
90159033
68745040
44566724
19163313
75185756
46030731
23630109
30388947
11429210
99780888
67136270
35523095
72241292
48208871
22846766
96563212
66129293
28947384
12304939
81936409
75208732
96205207
13842583
25395432
23202371
16039257
87294942
75688208
88202014
18977949
71622747
61719624
32429097
90744937
86801567
95919562
82740197
84397264
92566069
77855082
72757772
43143218
82054787
39113308
93897076
96434231
16928854
92272796
79112095
89206579
28737881
53386448
84907475
60227570
95323258
45966032
92297964
39704009
46836516
83052150
32997525
13835522
34741506
21604552
91933565
75239580
95819699
36450495
91134042
62999333
62854439
60940278
91435650
61017636
71361625
12031767
27622685
25855107
36088011
68824799
60405360
43998026
84739718
98849083
64285436
35703777
32285256
51468044
99681236
46628017
23799922
76716094
49767210
25077702
53871237
37785233
61945607
85579869
13368420
95962079
49430875
92755622
89329339
38297728
37468649
25761876
20953836
49626190
46967341
97594182
46648049
99346758
18118284
38025015
20482282
50602271
14481602
95067381
11986864
53365240
71417734
46528874
59864172
76479106
82504628
82849364
49759530
46873690
72776505
96504072
72791497
14321757
63977990
66647386
78899935
35802874
85707384
10476314
97262564
88606991
72250253
69238171
75236604
73804030
24699334
44213120
89367526
85490669
15631911
71729299
45425860
37703978
71012680
48429352
90577670
75345345
44656033
70792103
27910280
65837910
86936083
70543713
48572694
79850954
75822549
50636671
75622611
40942944
35431919
41024029
91102936
44690223
74886833
29012699
50255224
16949301
23805052
33856757
36427266
84274431
44811136
61402862
41918564
72218995
54149191
27839025
11250220
47589453
68503123
13378915
79651345
16559471
66241402
39111210
32195719
30044868
79680756
78374246
85760203
24495369
55873940
23684437
11578208
87330307
13862041
97177910
44584808
41905719
81733736
51713716
29107433
65842018
93084600
90701663
91129964
81340443
86050828
30958360
87431292
78129751
37441687
57234240
68714649
79447110
56492527
41741460
31478498
16496907
10842992
60133099
95035152
90106316
56290131
13583185
99837281
84377355
29997837
28123648
70401879
96252575
27281221
22872951
19993118
74483187
69820706
35890508
51285189
96369405
36031942
85131692
42171816
56747074
50496679
65193454
66251577
91003677
29402513
13403767
59828260
26647461
38913564
84843377
61445417
10562137
76978801
86589877
42061717
93011414
57153893
58745597
36869644
55879041
89080770
51953304
63677719
52485761
17145929
32487634
86560643
26334043
10458506
77021552
82530182
31030855
93335283
89956564
75055624
66024637
59031665
24864514
68559721
87959796
27824407
11348852
37478173
62675062
20514666
57723255
52485296
29329794
59086247
15041099
99837530
46021315
96766394
22490074
18479657
19298707
54269821
55829454
57815707
79184709
52394218
95311043
90716628
46226969
91209640
45260982
73966910
52468099
75110344
13295012
82004052
93773626
22199879
86727178
98010962
44548596
69962461
71570413
87813415
97672708
69428575
77935567
70616983
35884633
20836648
42320534
50776073
97556008
32611570
45934548
66010622
83794046
19657864
98670582
79814198
98630676
78097848
15894597
26994901
62289912
59967109
68422817
19466711
88025003
80837376
52815177
23861247
79044165
44862914
36475211
93571036
89938027
52299943
46435956
76579533
27879235
25088905
18853646
48176279
29869740
41450528
28429342
54608053
51421726
91424089
31575888
76522410
30740554
46061850
97833149
97582429
21376317
95075301
92567436
24823192
58000726
59923487
80149187
84227697
44721988
47004020
15780890
62716961
79044347
36540395
15643598
33356548
91074525
73838197
86272599
51866705
13109787
64523984
41109177
66204011
84893717
43505685
93333969
14451191
16507797
40068897
10174774
10904558
64174424
26380874
95873755
79421156
74950171
84496957
81903040
98060844
72944727
52276100
73723571
75078184
26178339
83239625
53630429
91308022
52996728
88270236
90603914
24800760
74978893
95472183
89736254
12827313
89132167
67589730
56255268
24781659
27938586
21252579
63823905
55620911
53853556
54447858
92840729
63275953
17532685
49999711
66836974
33939880
12459940
30357339
79525083
80615412
69467709
33757071
52343863
61780245
32686678
70384546
81034509
68116532
76552329
44808437
90538868
99782755
75043305
40555764
26522220
24652278
75597833
88887167
68962801
46402057
51576497
13368315
91157899
81942557
35275369
98120761
10797131
95772767
22538304
76701963
82836519
71167927
58593945
53700042
68286009
53641713
91123567
86782811
10303872
33930275
36479438
70489349
20603192
46427541
36739956
15567836
78587046
95700069
58453157
54931461
63008040
55496682
47775553
53088900
56269670
79678714
94805856
72247157
66796194
79526692
57428586
53583893
22445006
32965266
25013241
41302868
17395101
26480740
62735968
57659030
51107741
58872282
34097312
21196214
96745392
70391743
52484709
11205239
56860763
30681316
97375706
54268147
32934040
27924543
38866886
98888329
52128778
77138060
37838143
36763547
77786978
55429200
60571591
86630004
30019539
52072854
20139152
60215220
71612411
55915564
41573193
39227767
70413483
65982448
84930272
21704980
46839830
33041646
27599800
86975588
80107453
61297853
50658713
43851914
56535517
44569543
68679507
71337137
95132247
37816095
24530998
81210168
44667023
25143014
64356472
65802410
20118880
76490802
83408205
53772406
83343401
80343440
76221445
11704650
13886578
93966097
72464344
17307030
22109865
91354981
16690491
78102577
50638567
88519424
92127515
77222541
39543032
83530060
49914254
69600472
75846339
30216924
25320714
12240337
89189057
26676934
77341224
19850570
30544543
90445604
82962019
75439409
56735390
52431261
16091064
92285227
66839677
93296136
46236556
40320999
38525006
25706502
92482545
78923278
55211089
24179816
60172662
75837776
21321087
62557771
33938884
80205586
80191496
90161941
94191795
88909345
98459451
25506688
87911018
68729292
60424039
20839868
87675030
13375148
14775001
33139460
93018999
45493026
84683354
85124315
38787392
98432222
27542247
30645661
38528703
31014537
42151029
80932829
13751632
96246042
15264448
29560508
92796974
63740403
38167893
14743443
65938848
10812478
30485021
28882575
28029531
56263702
66928072
34789771
90906246
72122198
93347785
37155899
63400441
47212413
43915394
98183524
40563021
94878722
25334305
50371230
43925762
87642530
54990702
12870361
52923752
66762954
70450547
77619705
43296553
58397224
55058318
18924523
38688368
52687567
13556163
84023969
26426807
80266878
77074340
64626919
21373898
30982919
17400054
84925213
17730538
20375438
97608598
18628413
92642825
11067528
91011042
17219873
20131444
60380204
83627907
73400255
95309358
24949670
38283211
63754497
30933724
36690265
12865738
55996287
46472838
94094598
16366133
76342782
87657310
61430317
12347746
65553581
79183737
52286157
45292100
60349329
25003775
77418984
86357753
78375512
77807108
40201310
25300959
28307535
60632353
74320893
48312122
17501908
70327525
24341598
77403258
70521153
32112007
65775779
21440137
30957622
57176868
88896108
40610742
70460836
86710183
32421406
66008832
78116764
40117943
81611694
21198043
22143566
34220887
11391236
47673619
56363984
59543237
51384037
89109214
17417323
85749629
89048089
68453590
79245213
37577755
25926903
37821479
28731649
13772720
66685164
25926107
26202665
98392397
14073895
79757597
55816041
83190631
80848945
72629423
46741082
71308807
53118167
38705530
73315539
56563166
64626104
91088080
42488873
28017523
34685635
71118833
78401648
61332167
86408317
20445743
71613626
89009143
70707841
22108855
71529798
47404613
83437068
31623411
22491593
83095115
90506934
77158980
97592986
16048302
17260550
14002639
26860904
73570791
21401220
96689620
22501893
56952667
64369570
74777247
83346381
72921137
44330714
34015391
36234533
74884759
63991728
59113859
26380372
91160471
97780436
46347744
85343676
98480554
60997088
81201988
17139991
25673084
86601455
26387143
75152312
58041782
43247620
28212104
76700330
59484400
16593438
46236956
92704317
68363188
15277720
28382849
64125836
93564955
29935708
66251602
58192976
59162802
78494696
67295179
44693443
28064378
58900780
47970399
27185310
60916524
94621891
83738961
10136086
76621166
27976705
15440524
73856156
77479857
13408025
41524379
93571940
16174084
77885342
86186354
95545778
25941638
37796812
20473331
12037819
79644259
51541320
77831479
23009492
26979281
94113730
46028999
77870467
66815827
76140472
70794641
67303116
35520037
92420089
31695542
99947304
54199182
59804089
56387856
89157384
72982366
55300431
89523837
44669196
24011753
36898174
68146927
41356231
39473254
81003784
24468999
88277974
51536761
84451677
18400022
85978017
54545076
41352915
38921243
28705635
39235884
46593597
14860944
17257046
40262138
94303955
92723175
66798040
66474237
87191346
36195365
22047930
19151233
18825217
60000686
70273639
48216010
33001055
62952432
52674519
81332033
97759307
15160088
41653368
91723791
48140990
51991140
92294860
33062495
34187995
46191952
22244599
32851087
90925117
39901056
12655094
45684899
67921324
80892008
73196932
47112276
59328469
90816597
15252961
56048117
51955259
53971656
72408674
52221483
26118594
29646203
39833433
23760673
77857037
92879884
73313463
23505397
82606594
35372120
76800580
71552531
48050676
98431692
41719490
82057341
32066854
12810055
39326124
86755645
83849900
98517921
79849999
56491338
75859631
74163022
93520129
53843207
90829993
24139161
16614215
11727818
27517844
26035649
91053233
64750234
89125772
11990359
60749102
43079613
79607884
11794184
83762202
19543380
41262617
28787526
94550930
92970861
47869900
71837558
30834719
86957998
82034589
16897692
19505637
41093910
65582146
46458635
33615731
33309950
45691723
85676760
44219572
85419594
12716383
48728658
41263414
25229191
62261492
12387476
91376831
71444180
13714388
77547774
16221883
65717466
61338776
57762778
64505932
66475678
98076841
57605125
23715050
52478316
88216830
72886799
71969750
33471811
95177819
34315903
77996033
45893456
13200174
44840623
22486821
16490294
98780116
55913089
43577728
54852521
95933789
90857351
83866237
46748779
64882167
11201042
62795236
21162609
63674225
22311962
91282871
42102310
65725654
68739347
94743098
54186870
24679966
45547430
96146265
44886233
53782475
14947143
23526041
27474635
42248858
11594107
85304514
72354658
21772290
70675699
58433895
68272927
65733661
45805431
27257500
21127722
26696657
93096572
20301598
40342642
63926913
64696070
73091304
86591913
58191769
73081947
12471081
93980834
53936987
17931955
49024293
56787639
52164441
67083515
18283109
34885893
16694274
99735619
20636341
52276381
48040767
46298939
11085591
49787735
74710560
90838796
65581848
69204103
14238827
56161584
53574421
57961414
97796050
22988273
18758672
47553260
91999269
73267396
73999617
13206303
45700225
36415049
36521319
69420434
72262702
56264031
89108737
40672041
55499391
44411478
64828801
12941278
81409230
42080749
51517282
89642328
56995556
57274639
83682247
21081267
91233733
51489008
65739917
53286204
80836351
35733565
71202892
75343416
89303479
74939294
52919687
65857627
63386428
46282409
52116034
99499821
29533890
81487552
29810952
46342513
83111766
28107762
87166056
10831344
96798593
40919099
39591224
55048215
71302421
70510093
49671100
67716781
28636910
43284230
80312278
55628391
47366848
93946943
31472463
27804776
49583312
98276775
32548916
11095459
34926452
94907791
25183286
99804020
15727966
23780983
60472692
66223676
31388075
40690233
54043955
95113869
92558972
44593898
39237452
13034502
74828529
52566145
10168188
88821306
77290045
90367173
21100651
80119439
51206866
43699978
13382324
31124137
91682087
86649333
19372468
98663893
63287787
50134239
33992393
18352860
96598990
89155963
37509660
53427478
93998811
46228963
62863618
54699898
36183432
82115356
36674912
82419138
36239877
95850186
83595009
70045342
70894582
11451673
64342750
91185584
87632960
38002595
83149709
62346392
51013368
80324398
29356604
79744899
97731490
41931202
79340060
44778086
35742751
39981316
27255331
12191000
33930008
65994501
42971387
74172460
39139526
51610474
39550676
54201328
83638174
61637752
84917736
67524644
25676906
57956448
16821433
60006196
31556419
22804274
27037879
27057367
64829497
29936208
72575314
61852760
63462569
88318258
40374292
70879458
74104769
83656003
34630423
96444460
61561737
81332251
56777527
63517072
25157578
48460895
18568030
68002504
63168586
19354862
74804698
20884922
97929649
25840039
24002839
76693707
21254281
50219695
97872057
12899147
95143816
66323524
13905846
45979425
80110270
52691933
26149874
86669481
21677814
48827775
65247961
74411368
59080104
97546024
34365539
19168381
59847530
78080482
55875342
23388055
72088129
32510211
89424669
59669920
57969504
50685252
96252514
33965791
42913734
13624325
82681431
46906624
38294565
77658375
70166181
45700292
27861877
76281429
60456951
84134649
83440990
83973773
94486667
78931626
79078493
94794459
21840443
54403288
81652002
34029880
62867463
61850577
55528211
65605286
49274682
44065789
99947482
69096812
70085244
25006852
51720062
34817851
55478694
54126119
26358901
50235233
38211484
61945291
24376560
11710745
89589986
82062127
77836044
83566317
56030518
32105181
98970563
72509488
64348204
27198546
35168491
11012520
20375349
23856033
65490720
65607396
14700315
42920281
11518087
22582979
82101046
25524644
98413368
16759058
36629182
11133676
67756793
82969463
52066261
72091025
93070967
83228168
79166169
39458347
14968422
87123881
66339125
66765728
62739808
17542422
34222598
88623377
95391171
61141061
59270056
78856698
98061582
57145372
43106044
87541401
31513370
71875275
25922865
22436748
21981183
62615826
32896957
69745591
12111934
55756231
71063231
37473979
25584177
69437798
78368934
12559133
32888885
65626573
82717795
90284362
54091488
54504201
16263310
88771134
78698952
56739897
42651867
59124555
57637532
82948241
37216378
60255617
90120768
92585516
75740811
92512095
77048929
25057571
93167707
61543135
86126286
51439740
67595921
53825588
65644295
76573621
23634986
62933766
39525569
37375876
77544384
27473393
41927466
67317552
35762699
38105529
27524879
12102358
79452187
80560100
17499061
41174434
58373720
20391519
85871929
96300956
19920353
62769922
75942266
34347765
12175014
35802976
20774256
64509760
76642255
98506476
50463660
51772991
88517567
74752293
52458512
90084964
80385217
60885732
23597865
94774601
28991438
41013774
23788142
66846153
52394448
35097850
96874739
95080128
59299830
55915941
28350637
63229021
46046598
58158066
74249751
75097880
32765375
78674957
99702906
25041510
67326687
83590741
74301338
55773371
50671924
85919487
54452871
86234491
70288533
71489226
54514697
82446653
58273800
35553102
33888193
76494168
79146547
14558433
86067785
76970264
19094771
18559027
42854685
74633542
92447519
36563558
16490619
36725901
38212627
57993690
39028094
62206716
92724367
67401840
57236757
90861211
16539861
82831299
57756660
32800492
43847816
97931660
43972369
88125042
35418230
75652329
42839717
55260344
84981540
21634350
56676548
79388482
12033755
87385515
63261307
48413909
72350092
39943145
46555835
45770731
81693083
56571044
68283888
77601256
63060429
91997821
88081746
78853836
98860280
40830479
57940070
31519822
45035467
78746230
37636167
99709662
36154796
55133111
53170861
43450755
76478468
81135444
15606247
77449532
33734082
91663151
14660895
59476065
16105957
35390053
12184705
86338129
49027768
72869769
39737589
46830622
50993079
78951403
16726430
28813464
89564025
62163711
34488166
67518323
50592771
71110865
94948072
94385648
95712292
80094002
58022777
84959526
35235339
51341238
55791386
17663984
64218667
74071282
64235950
81541649
37433848
61740764
89238743
22970548
76708499
98742710
16640137
92844045
97424486
49565766
11447864
98523449
30728929
62918621
20230339
57411946
58692976
98770945
96889702
77617835
40836230
79811496
93361199
81451275
40823380
49058589
19735869
13111197
57395029
93664885
90101221
91649106
26200071
68166278
89180853
34573721
48106610
47096866
99803467
36355272
80947894
20267335
39065556
24440596
55800364
54877422
58262294
78153661
50799441
54784168
83285195
79236044
83521097
70890825
89177889
80906074
15107641
34425836
90433232
62498075
49759411
90346579
38329451
20224825
84496704
88088398
37738527
85136936
11180406
60079954
57107345
32862403
73784785
69964735
10517500
88589177
22510176
48717130
21874993
16064396
44217913
83876127
78051011
92992982
64135598
20025404
30697362
11755797
11937014
29635272
10082840
85942013
71272441
77921787
60313200
62401650
44855591
44544217
35916328
77131065
65856378
50305637
57978781
89335372
62711834
10919874
81638533
86625155
72300307
99539877
46471121
70169931
84539167
38236357
82230815
39312110
60725520
43075987
29032096
64109014
27439784
71676341
39006854
82972998
48540036
58226506
77569462
18007848
38596411
15171420
85441494
37088836
74338613
93006577
95823887
75008504
25796765
16807029
71402543
35345517
67053085
67700386
50526318
37524243
12377187
39806553
70281844
55049132
44108774
90884339
64642474
78384312
36370515
20366217
60852743
77728409
39268195
18649211
30446884
72044208
76117574
29581972
28582143
56448160
17581359
13462769
54283750
88789837
28266353
89686037
15501304
90227118
82165669
75641427
49047972
76635384
82838718
84618842
26961525
85006124
22120492
40121298
79368230
71454306
53013181
42137715
70671402
32400301
39472253
93749708
11951576
34384684
35048355
91575430
38174869
25752403
86666516
60385686
82028491
26264232
98634924
81316921
96976017
48563152
14705759
24366772
56668147
88499183
27231982
14220652
41408115
99553983
22373125
60242564
65224995
34188286
21610786
74617091
67923686
79175972
45717118
54950527
35683701
79499176
47108553
70826181
21074251
78064948
25192298
37915508
86653091
73490460
38052837
15105134
76441800
60004502
92633730
24668509
57600611
58792643
74148727
11029354
35365495
17162925
13618252
30046969
81419893
22746613
68508869
69769292
39726635
37254397
54328206
57007689
25276605
57953244
58586457
83829088
37151231
89549525
88493761
34076300
41422999
22303936
23231406
87120717
98083177
31061455
85024329
77347349
91748326
61960012
40787297
94804198
17673977
12690155
51025078
98271254
37175987
31260873
83624772
49761523
74840320
87586330
89395965
31783694
28682831
39914184
13924708
54696063
41204546
69318911
80931762
57779087
86554888
84025066
63455436
70315243
86971604
39393848
57757917
32062584
22054307
22132552
15712051
15935841
39354686
44889169
43721202
45928925
90190121
91159758
32019940
71416372
76190524
97941424
53121943
21204870
42162960
56298571
87140911
25273324
51642307
77999590
78797327
63040242
73495352
22802870
36481065
77937262
37554291
33875130
66184326
24712292
78451619
17646403
96054107
79502896
79179887
84110508
47745203
16429558
73414397
60515630
23373776
33411595
74862272
50501022
35685363
39530361
81495965
41737869
82803674
18020545
43426750
42424351
18781341
77262962
38352210
64987351
12160727
67158246
35758521
68493998
44716620
35383266
27457409
92807426
77154015
64209016
83206113
52663971
38453901
52638576
36853252
82643663
56748302
36935700
80888638
57767454
83830777
40455462
79230481
27845626
94109301
19503036
76318033
59216136
81351302
74208856
63888323
73706064
84778366
62210485
54876674
78946173
50325763
47814750
73031094
19478644
88513116
97653441
11582747
88426927
62098254
57956859
46235595
62878895
22022306
82513037
15917699
60410732
82323397
25531919
16501019
85543807
87676832
44414560
28062489
58326583
80228958
22092153
97704504
39079329
28007424
54824677
35770034
90942574
29745784
42240671
69984567
49670174
48335414
11664964
46283201
69209136
46552844
83927817
55480327
71812067
63971360
45548617
93923596
96300767
53988137
33845356
38574340
20063962
19251012
53317643
16906128
69577066
54508143
54388074
46077856
45408339
28658300
62904108
80942148
71765646
64038172
52966954
18668344
34974724
27100884
44044985
93663922
87669694
83432590
43159622
69004671
15965236
29711847
44132051
84304009
99595316
27840445
53574995
10854457
81872192
39603915
71288289
23776150
83672618
95914709
35362954
95571902
98722944
84763372
50830665
99803592
82031964
52688842
12290968
39487088
36687241
70916560
33315823
14687323
17107697
42625255
25584650
18191281
25874280
49134517
34167574
94294417
71361661
74506684
51479271
32780467
62435492
37640022
43678462
13652633
21559855
47962064
59292963
15632641
93270512
15888649
14642957
62585950
92816146
56662410
96427180
82177323
55499245
67813658
20433045
44467062
61222411
10992751
33323386
19259521
32008180
24862063
82026242
76812878
85655516
74026896
50457783
75597355
33564631
89585497
89899929
87409552
20148813
63127079
93635071
93294620
13583004
32065009
81541794
30966798
76953319
23936801
86419027
58039423
50048803
93999320
82951356
54611435
69042141
18145559
48695405
25545572
10202939
14065426
36685868
98955151
18068196
29577578
86879944
87530839
71857163
28716968
19253835
79645062
56854799
58357394
70654534
51844586
39083380
56891096
32630626
32202296
64044333
41586842
51898544
12387703
77275315
33415599
19931686
21363185
57803171
36277474
27805685
49080070
67100725
62719779
51290953
60155871
40510412
25130886
21872601
38154754
76358277
45837710
98329412
52079654
39370157
67770403
87401635
98145222
44528804
64608628
79769004
84540750
50669570
16661331
49137690
15873620
89865798
64538102
45656041
45602284
38674481
37934672
39115581
11834641
33809734
28856246
36077936
55112100
98796817
70790300
62213261
59741900
89512015
95445631
16757298
20789909
53114916
38024629
38381829
66575369
22642866
33441688
56734950
42497942
10321104
50143615
30868281
47127270
97871664
98721187
85856340
93753662
76679970
66920778
67673608
15573447
67173113
82463798
17423315
82084578
73433030
48853992
66929754
46458674
58044480
72951810
88569103
36952730
53882449
15111503
65776761
35640749
17421506
39053080
10179188
97691717
30388007
97374520
33817121
29496071
32372139
93535107
29887379
21748725
94947401
66080089
52408522
89428420
68727493
72606961
86124622
55239564
48359186
39731561
46871636
87854448
15878567
22356964
80648260
36273833
27707946
60893686
93792245
92801249
78331572
52678176
22677305
35119657
51167691
68350643
28015766
35327959
40524007
43237916
23510291
10941767
69985606
33695217
45538704
13810182
77453365
19916190
56136439
39508914
51304986
17007972
10472555
45209020
24776960
40755723
43937298
51282696
16811987
40337368
32503745
83265634
49379534
32237515
20673293
73223078
43186874
27982109
57004770
16821138
65952801
53577334
97140154
91797750
75442452
22154151
76717797
26859991
62456702
20459578
13926261
43597077
41826254
24487572
13494717
86765951
39865711
87785752
43155142
56867757
22900767
44349352
33997117
97325936
40459486
63919404
54723576
86805805
62365790
47382677
99256009
88083424
67788796
27700747
28032629
89302779
41905256
92898087
92659931
95686882
54851625
16046992
86901219
29283684
29126221
41086930
66005385
11842162
16162163
25492838
61675785
88980171
37461560
93258298
80863838
32198818
88562224
19765261
74146814
70594443
29768697
36926228
85436537
97404357
70687473
79200897
81515220
41862779
83974369
20177530
38203248
79109796
72488809
37892895
65654867
63620131
24089459
10476213
64056466
40020145
93860287
35726488
94595341
69918711
84269256
25541568
58494933
16795716
90509630
39210292
99316889
72096855
88836852
84129102
92775770
17703737
52404739
84660080
83060986
93035009
64332004
49701657
61894160
32725785
90829240
80765205
96549673
24018594
47892224
10861451
28532855
47868404
78481857
85257820
17617251
53932995
92815186
37877831
47217539
99923316
64133815
10297605
43253708
16216663
74941152
70232231
37656098
29337606
82926950
27090057
61669621
98070707
75968252
16359328
78639425
42762478
63016811
80438119
80437751
31034975
56529133
21784726
71148512
87208601
11569625
49423991
26214309
56638086
87141471
14361073
24679079
37892385
30591398
71348754
85712989
88792255
23872935
88316454
85571492
60099464
40429679
75220536
86758556
86079939
54243917
67914658
72837926
27971824
41691949
24061046
55402833
21649558
14605002
74365035
52044132
13372015
95853488
37408225
83362038
23767940
97645650
75452665
58296114
98692877
26559341
95877405
28238917
26898984
35154197
92523196
16132379
46673907
79856816
35714562
73887942
59756136
80920047
67322763
24077025
47456263
22569963
71225997
68922422
15392532
23728863
65555822
99333395
65670171
77019549
55015852
99682285
29071727
45856934
88339554
72927822
89639407
68701251
65972964
63417833
41420814
50349989
32348942
10559040
48944491
69046252
64973439
38795103
14479710
58829760
19163856
60692557
47771400
23982027
17656072
44097334
84742385
73015593
78832739
54610033
56321700
57631964
39849918
39236278
67089707
18090801
99456611
60702125
43324399
73921160
72615519
26795397
43739817
50551745
84929634
38653435
98998970
53900844
26212615
40163278
85812139
65363036
86248949
16772350
18317819
44379855
62804293
96478833
31220193
81258913
52842071
32380366
63611656
33574428
33785118
31349812
90058179
81565565
26821330
46234955
73958340
77863471
12626678
26659079
62603563
10497196
83516128
50360132
82099361
15742762
51074735
98625878
23096070
73083998
18668256
36355405
31814203
21169796
96186079
98786792
44355867
72486478
93605421
72433670
92279002
65203377
47812432
79797552
53689737
99803266
38574517
39496800
31739272
51634323
42341821
14385810
87387402
51070006
82464969
26638561
20724149
51265941
21671584
72888909
32661411
65664204
18701160
95952484
33100015
82050777
51437667
55713281
72376133
15123266
73187375
92707655
42956453
74346865
43190438
58919002
24405175
61299722
69597745
22864453
49163912
82981096
58982688
60893198
14066504
11558373
54070550
68953924
93659394
44116818
62663724
19274255
92651072
41469341
93162453
87123272
65735201
66377717
10960487
29565818
94449923
35036833
49457376
66425121
67248783
70328202
77865477
23015726
66930151
48632141
94413316
45380904
29292201
37507287
85627443
66052966
57429024
67283683
43499175
72299390
59699791
75625081
61511417
86770509
17890471
91841934
85016682
81829900
43211915
98065145
66389314
95523699
93377479
94821770
16821922
25435529
53134890
46598922
74846255
79366538
93763381
15318782
60244469
64181070
51353184
90574608
40039116
37114171
57997859
84258588
81465959
72972159
23679081
48999918
43091706
79764369
47265654
56099126
10986274
47986891
15520366
49916864
13364062
79046347
76784204
85863610
30161859
45391196
76074141
56428667
93535461
14812030
18307123
40751411
76954362
10684141
47713190
84472741
14639602
98360313
73556338
40389961
55520673
57482903
90114366
53761657
39257505
92222312
27074180
73211979
69358525
67189193
81231572
58658638
29084950
94887001
84491939
53947298
92563246
56912912
29004667
61595578
27687086
10047411
21395983
46227691
57904978
38833329
58926117
82191012
94610061
65166999
71788072
52134929
94718448
75030722
76636662
27900434
26462533
61124425
93889707
36668522
30275293
51834824
73270493
94360156
60298984
95359734
99723924
28550838
35489217
39001081
60743878
72653589
80676995
55567781
73167700
76871496
91136202
76631131
25391404
72553346
29158940
58475910
76609725
11671580
33102336
51033628
46894553
48225430
70494108
28741576
98073616
37379110
53356891
68450526
90740193
53956127
34902884
18728221
54935113
11199832
51987315
61492556
84305222
17800675
72344871
22560057
50589147
66330316
46953175
34532046
15120536
84661666
89878561
21615529
20789475
69779981
16806199
94232001
60102150
90202290
15156210
47487758
62364110
67785275
72742126
44992082
68670367
79759541
49377941
49470972
46173381
91278050
83562828
62505777
85033194
46050751
36115017
32293101
20188377
38283020
83381488
45703438
93789334
24250967
40281842
44210072
79438334
74873896
97986086
34343592
76541535
10087038
97155368
83437671
96135739
99509710
64984556
14088448
39698060
37775349
78410922
57116155
35568932
32610314
13291416
60112101
71355611
95626229
26776879
18813059
84533028
45429713
50244197
48678111
62912008
66824325
10815921
99024801
37381030
46502759
97807406
81428049
39397280
44417714
67280450
45243181
15127356
91246877
66549836
84408956
71078670
69177122
64133404
61139685
56916252
11517333
32799845
28829373
80692232
22248982
73491482
60725594
86536004
68552940
19738041
54924915
47444664
19883959
34967681
74988378
63989367
77472497
99490669
30116433
28748907
57081056
19647010
79371503
91605793
98352002
98166883
44995903
28509425
43994752
34227056
77641817
50964368
94509646
69870248
86183028
12897080
18204691
32241600
99995340
92610464
20662950
45229752
49715745
24015145
12517026
79775228
18016543
32016418
27098062
89766895
77960459
84750852
50407468
43095204
56770281
93744624
29456472
99315620
92241671
48277679
93173395
11846259
39667794
37777482
59082644
48015082
37171034
83030546
99825423
59181773
25796555
37452102
18121876
33088784
69009099
53945375
39645091
14078153
80363326
65425375
64805557
41795909
56721732
99562761
50184353
53505452
39744253
91107622
12729874
88611184
67987335
59793342
70725882
76356540
47311673
71443757
13807558
15933982
79648069
18247075
49085339
97565324
50713366
49531065
67694263
29527315
28102590
71105264
98796431
84718070
84134750
22487964
88760788
58217923
25258933
54195227
60894250
85681741
96728762
84622011
74534788
48847429
50457990
72981960
63679870
36895677
40681819
66684877
86058521
53653945
16115963
40984146
98720234
72915649
85227915
82985501
85257707
87710268
28344242
72705662
52375949
59013577
65563249
43582877
68595500
27487284
22775592
76350637
83138094
50142810
98579857
85381590
23549670
97343155
92132773
78895416
64007031
71538406
83069918
67028433
94296569
13699260
74007949
91419044
79659257
79689532
51130844
42213231
42285778
13585250
60904783
56958160
43889370
63920801
94753414
50566851
30550172
65156858
50449537
61561375
87896731
61998464
27485803
59134355
47009836
13899885
24356355
16328775
28389306
68696405
96421064
56212201
49450660
29107354
21128734
48831137
97665748
26892519
29429448
42333961
36095641
47661585
23721661
84603742
47583341
32262417
43741541
96303641
36810303
72623822
61124386
45380863
45819483
87271939
69420414
97001488
90569410
27986922
18342902
27233075
59611630
44681526
13512802
37404517
57595651
26606788
39802326
34004232
70086337
61686918
71052744
46683527
46020673
47257900
84263910
37856421
14444221
83461263
60110325
53631798
91454610
20456145
55382179
85810917
70355077
86946148
37163498
97078336
18329081
46345673
87754167
69995423
62174025
39099987
95674625
52222776
19749741
69355057
37664646
65462835
49293768
19347463
93174681
26570866
57018276
35885711
86472723
36818331
12775287
36895176
58324849
35429191
75732613
60139122
95155926
26290195
95321091
50757224
54890290
81158667
55009717
33444415
34943756
27666434
13787222
91576393
28735091
22762175
46821951
90254229
63541013
58769507
78799613
21639359
62572279
54911374
64463024
73371037
72562947
98110322
93506923
64878746
32559889
73751495
65840445
44753429
29157000
38134836
54015964
26035480
39940590
99226437
33688373
40372888
51315882
65754479
50503339
87097363
21453073
78796981
96792087
15762955
62856240
20385412
67758955
65953997
48379534
40669274
37712862
58256800
80310019
65768612
25757081
62381792
97731530
18939539
72904391
49049413
90117353
93236044
10275627
26705461
32972604
39889920
15825962
74839261
56422558
64805824
30636662
75553804
73492729
93949030
60360287
88468401
48348858
12738626
55763844
16137553
55282171
10102482
95592154
75139861
98959934
63996389
95579785
87776099
17607957
67059532
31430706
61244987
35850592
89115171
96929753
20696737
90890451
64244723
29317367
48063088
51108750
73558342
68501431
79031447
68621780
40622049
96248010
72612946
56695112
56914880
19083044
38527265
23058425
45111616
90390105
74544945
96259229
30710372
46973543
80658423
35561237
54042306
13968057
17616675
15230010
95336188
92950218
67434032
27448051
14546873
54114139
48123709
65554734
24566228
13334427
30062254
10568378
59160871
17559866
10814544
97368041
53479759
52493727
87405627
90043933
15169324
30856973
69103898
94943018
26531656
39396691
79849254
80826074
52576159
11077599
55374889
20565319
71356106
86850602
21808070
24918123
17629320
89353053
80484086
88622167
80471298
23021565
75090072
17851885
47479295
11357523
69151547
62547789
55222902
41946527
18591255
79881997
20416280
24456108
30406556
80760923
38327483
56846519
62111848
75318915
16054899
62214062
26168248
46331040
44965694
63958207
77738090
28110893
16438086
62712414
29811297
58047806
61234973
53978588
32006196
70934603
67576163
97249867
84064497
15100906
50642132
51911716
54568940
27142390
15469041
13971876
98401070
35217979
85247015
61891975
67687311
81437096
72414086
45995790
89626591
82719783
84340540
63241170
78796041
92335116
28178180
92245286
89040900
13196431
70169548
83217321
28345068
48163122
17464958
31010137
12964350
49081283
52785312
66529022
60655015
94178795
98032616
71758083
83370859
98662720
31927616
66552829
66938949
99886224
20627878
94572055
89203167
33207318
25919355
57720987
62866301
11581497
90747304
32226215
31163104
46407925
84974258
65933550
86843320
47304701
29212982
17849874
24544735
85167768
27703267
83348131
34319525
43482503
73759770
66202947
70673279
24634166
33618624
87839920
45778608
48541930
71384224
88608320
13645678
62210209
90278224
61582343
88072726
37873465
44935341
82522794
24259716
12880643
33876394
87341480
18750757
49232633
10640859
55961494
72784423
72480604
64653910
97830811
86527983
44372040
68708210
62501098
37317758
72932284
16865465
19583012
26447381
55567329
96838091
70341057
55365082
87436214
41824081
92902088
82848443
81826704
46267138
19983634
99661408
36253660
77574400
25568017
55691106
17844332
29209205
83209856
85636976
97296933
45429482
69331176
97404614
31674889
58384687
23474936
63256260
79350851
67770873
19546658
13780736
90786736
59605299
63780844
56492337
41238094
57164598
85466486
96693035
92212511
32643132
19751441
63237445
60604896
94508180
57531396
57952146
11813093
45948127
46624717
75944531
63485213
73981550
35416836
52522587
77464687
92822460
57365998
50003270
11976421
44052512
36074843
79667199
56211719
69131554
57692002
53140425
82357290
80104517
91086503
99218487
16305794
54521943
80674992
58257675
21689972
32145000
70692164
50195605
48857460
51316524
12855429
54393936
37432522
67821210
60957169
31337770
34684359
22526063
38912833
92875400
45971542
36106077
57131665
91844349
25642337
94965485
73819109
80705920
22674756
64086284
59581057
39901645
94419628
59246551
87415993
89595811
18443699
23817624
63208074
28196140
17963605
23444138
82841308
17801466
52974678
32090315
66376706
69236411
24095527
86960151
85513686
82663894
64892938
87462253
60527135
64751967
66053440
95980978
44709019
76020890
25333292
59427742
66233288
20061300
48335282
41241231
10162157
32982671
99325352
75285966
61173337
36823799
34786570
53833111
20037498
22961217
74111841
90013891
96830034
31006237
80313394
30123184
48429822
59024770
75036042
40791613
81578897
23800851
79557699
36547050
34623678
25563788
77133488
68379210
21473469
69359813
43665029
19277017
85337290
56472171
86475170
67103622
32720385
30549017
53012570
71762612
80367000
26281144
99596482
22975231
57039936
97881092
58933936
47067502
21078608
75808379
56328782
38432076
68499800
24106414
31666283
19842924
71949876
14389716
97835865
93484511
72157897
85305651
73535520
52950777
70312768
41963274
15528291
34805291
66593105
90724181
21359196
69343927
72019568
10356140
47554630
59261544
16267716
95631963
44061979
44632703
20741644
68052770
19382203
40367688
92448218
18329066
56951424
24253324
85005396
17249764
62682386
93043895
74978746
20463682
97399921
98006452
88713052
85598522
57782190
11702540
93742580
38061229
56746901
66727856
78867975
28750525
60689907
35358581
42141131
15303161
13642918
33805190
73020482
55618726
61046462
43308153
77561084
86664249
43691869
66961368
24992588
98074452
88730827
75526380
29522063
35003555
36855256
13104422
77685232
11389810
43013345
43682938
42072373
45171757
75511908
69381584
47839598
10039621
69029805
79678590
15338307
81925239
52539048
98111883
13390151
77998213
51515531
13229030
13674028
37972184
65206300
82132189
11075133
30683387
32186163
76938486
27429404
41982665
73310148
71626065
92752073
24235275
22369777
51877882
27030029
82785085
10820259
18558174
64540400
39217495
95225713
29156426
69814286
64155119
43588872
31894004
64763091
68359157
68356473
30091816
80837414
27952326
94748614
53497949
15525638
89046342
81343476
79754931
16162861
55243000
74093048
35434191
31581968
94409406
23718149
38097427
80903303
84975392
46205101
99989179
89735269
16746064
93321589
59644731
31508377
41363595
70450799
27370052
84683323
93108733
47403965
60889900
79571315
50296383
19342718
17016420
44722163
90558824
86433332
53254099
59905319
84366789
38800081
84664056
51407806
64015489
69966462
79985196
23479610
89832550
30111793
32474713
62321051
58094222
78647591
81776454
67553792
32430498
15971284
48292288
31720782
70619243
19692165
98360542
28873229
50271295
24513915
99882639
34740699
28596434
95653689
92947879
34912417
96366842
69266134
18810027
97596371
77290859
29080513
13024127
90804971
54789249
72959253
70728889
81227798
35355473
98653832
42711035
34980535
87123552
58440931
75384273
33052960
82475275
85213374
11265569
14722271
57937111
25093464
18546614
71476718
63135054
76217700
41647793
39508830
52415760
73270774
52724462
44605959
18791952
26707183
34980635
44546088
50945817
31719672
66583635
68476964
39649674
66081351
89589839
48132374
66783049
64805360
84698843
45925197
38111650
57484610
94121236
73124029
89553411
36095759
98195062
57853143
30068791
80564067
31779768
23288932
42052890
15723752
12829705
31013611
47292151
20996363
20577535
26761944
59503115
57929404
54839461
47812393
28833126
58019223
97523447
93962849
82906946
56238458
21357433
31240048
84169061
64274376
76723498
34566238
45814013
72087079
90804306
91030121
96406334
12364320
24526444
81659943
45137236
30720309
68724482
92040053
49931411
13432900
79857001
44852218
39478520
16412425
81666153
50293475
46036345
53523621
68819809
17613901
21007106
33439813
72050878
85591714
78018836
95931121
22985202
67691794
99934146
60367200
95587485
31610895
98937480
85334899
56368209
82448990
26418184
45638113
34848213
15291380
61546503
25426964
28374226
24552731
51279380
99348115
62059648
75072427
95972667
74278918
18387439
85028079
26209833
27437048
64493630
27500433
75371931
53981049
52311229
70060900
96856224
97162250
15872211
70271963
75119453
59014285
35582832
44154434
45825075
38884657
11080119
50794595
88012990
26087944
92042926
19178757
37361100
56048741
13810910
31286951
36090801
33490154
71301359
62020895
72051654
68061543
53994065
16298394
10640150
59383086
39970454
25992525
77938261
37418749
44727892
40635204
19013719
65562090
40000633
35586266
35464724
45828707
62064254
61851241
52612133
43284155
20819896
86924487
53932255
53891110
79782639
46065723
14346152
22197398
81439337
10350854
15023477
13768821
92447704
70449563
31052943
90160879
91041195
21027855
52628178
90718555
76767067
26232832
32815187
49760268
62362944
24804980
13999651
88532044
59578842
27836801
40640459
44639440
44019092
23155831
37585216
91220255
71009715
63043146
75403102
23277570
25788783
67754955
15252253
17805589
14582144
23350767
26193200
99005431
64052515
86759316
10261043
98103573
33715465
86610852
42039270
68665515
59037778
99638851
58279142
64971545
26751188
31003881
48991265
98165880
91196809
68982520
36881175
52977986
88220640
72159423
57097089
89556053
47023926
52835164
60796822
65343056
13728842
44617442
97050650
69829935
16869129
88861039
19508486
94674055
14080374
45072097
37904567
80445153
66316387
48581958
48682771
75371226
41355610
95673579
17003483
80108245
34096407
20176908
95240233
14419207
81847970
94706276
75756866
18091480
51415989
54216162
34265751
84814403
42861635
19532400
72339813
14381904
81878811
52956742
36352801
82526993
24743209
86302359
27581318
57038029
47085084
34186367
60530504
72134980
49682065
65285387
87688825
27334405
50901684
77601856
18028901
95419347
37676171
28750053
70747471
30192052
46166386
19547452
20507763
56371128
20528655
94689539
27684772
13534946
94903917
87574748
90853292
58606214
16415771
82948123
61533918
65093048
49267741
35738180
98513299
72883477
96762827
24647279
54244581
50950035
48241298
30930572
97905995
18845588
89577107
32355394
78885096
26735591
84461789
86381201
69949870
43963986
85652114
28598926
65808579
22761781
94511759
60044860
64808125
37987294
36033954
41135856
26651314
22271979
29845950
82872508
25909701
22737159
24841028
40359742
97755147
10573360
59371332
61426572
40845533
24028060
42113958
71898891
10803027
84077182
75916093
76835817
39878829
14577763
54965800
38235719
97273037
94288290
85209458
20297685
78887127
87097711
84642543
95147523
13914259
38547834
37269396
32072223
58547871
90549435
89841176
69504279
41006671
97924282
74988638
71831334
10154674
22677060
84014139
25190969
21879584
63618088
87116522
51231850
75103277
59575188
11976142
16827265
27196926
98740468
72807673
96714227
60821071
52741006
68736950
18357487
81866183
32619343
84223793
11317040
45451451
35254650
10526987
19698456
26383776
13770739
74488057
42543751
43728254
72721840
91936631
55096051
34445145
44754984
49378316
80402584
45375790
73479977
62852835
36831217
31503224
43241877
74199817
39408567
80357751
73516968
59213988
64311511
71963285
81146332
33616227
96876627
50887769
76286466
93826823
51646512
25765208
68189017
61765736
91010676
82511938
69601859
82759653
59353104
36740332
88487389
96589229
86794285
94460203
28378110
26691989
30482739
23241291
32290695
67502058
45928816
68041058
69787198
92928315
27291972
25594460
81887090
27954634
73270593
53958100
51606174
46100112
44731396
23346085
96349396
36978768
71095672
61658811
19688424
73656472
18320752
19977624
26160511
45436854
79053622
52207597
11954539
61706823
28870352
67433189
79883321
16019846
72486555
19694503
15581749
46665751
88417711
23466373
68439440
66705163
73702399
54696003
69209846
67900993
14336635
56465211
57249845
27709414
91205666
54786335
72626283
39683670
19706465
73403012
45232820
67562901
97345361
75279149
47154626
64156165
80998776
58710622
72651153
61421997
35702267
62260612
32450648
12730477
69438714
13940312
79098761
84647968
87092001
14363032
38239465
68179969
35647705
96767079
15140400
79010175
82205254
55396507
26360625
59883580
20395649
26905343
56254139
37998035
54328929
75229620
89294169
67727579
64793923
81748988
23933685
45023020
34594396
35198960
80715379
56796272
80056582
79912405
78062905
25522062
53514258
64604586
64823443
41874903
40455561
52235762
54148446
80840924
60662265
49100535
92446682
74618799
21090232
95765307
88918186
17728248
17753505
70461312
55950410
20883231
52042144
28472478
20633697
35432267
82371655
93362560
96195240
36801033
20559260
93640341
77333309
44610942
27341251
99134544
98856384
76016191
27485864
63154574
97261276
47203027
69433801
73327729
85836548
73686125
58902487
57708285
46116324
47670666
76853772
86981281
78599723
42023527
65432908
34237564
80566602
82244906
10388667
69042883
63670004
30786210
43880605
45715009
51815488
63671098
33641442
62618664
30057839
35496761
76235017
36960874
68387912
12890220
71400084
96029776
54876309
49042878
30092214
44828939
56142187
85273787
87150319
29429761
95094418
41820876
75387046
83822530
87886838
23117515
72196800
33269406
95434267
26549025
44606614
52235806
61840648
50063599
32497221
14981915
63738297
88576071
16581557
35915846
15845660
13756845
99230410
32236859
71156363
42816419
38139640
18494465
32002930
56990437
58497343
71992150
68407353
29546123
64435871
33607561
33859699
81369038
19838257
63566696
47109827
32452581
90921237
10016969
42646279
32365772
35441248
61835637
21665860
26314694
91762101
16759989
60028276
64256381
46713197
31836999
25444474
29548193
98010579
61651942
84117123
77028381
35209586
85183440
72035378
24317762
77198018
32387504
29271139
61527976
66204542
27734331
57426645
64131200
78054887
43303020
11694349
64390643
22261677
74053231
37498026
46905242
16145750
36172175
27433800
53912338
78136535
20515147
28532506
20253321
75485298
89934414
86672922
33902903
72193879
60853341
65659622
31518362
26112051
25751669
87782298
12417956
96604475
67102506
53427704
24205738
30756658
36856913
66212116
16275768
85181753
94900027
52321198
45764454
39141976
95172272
34965561
75879661
65237137
59861879
79844194
20193891
23583262
19147276
42559139
58988154
24162202
43538644
25561686
60462242
91237713
96484306
54624889
19890996
15881426
74351221
64393100
35716563
78549111
23476429
19851380
74899771
86042908
11809661
54869300
10151627
99924983
22015704
26453985
45065374
19541728
26705978
63955776
69751973
31256820
74395616
11247376
10135711
86230955
67261674
49578174
44644677
59298346
81266945
27052673
44286367
43247865
48339884
84138890
18098451
41641276
83926062
20797951
49207181
77562021
48216500
18257201
96016841
12423275
51153265
67604521
17192683
92056283
48875111
63774637
28339149
36591847
18191816
79076366
92396382
33429937
70873024
32863761
69430545
60597192
91547970
25819694
64228168
82737165
40986307
22083809
90268368
40090722
57163042
28733747
52159351
64420595
10586485
84598832
18226404
65814995
42031498
39808186
52272803
15572749
53594863
33628650
33225627
57406046
51617326
11750497
59150174
88601618
10686330
24721222
77127605
84880150
43750432
48502087
22807518
60798820
38077975
28386940
84320760
66515246
23117121
57401588
97511116
46820835
61525622
14223108
41498074
38451143
44988621
25239453
88990572
64414454
67250237
21093719
41804306
36351209
22589902
89596402
20104869
80874781
80335017
15705253
15903606
10893328
82022700
85332595
23801164
62567424
65149235
74794696
38861005
59269565
82474260
68120314
31512543
99383601
47044312
69933164
14773841
15249132
13784233
55952877
66336520
46076011
81324613
33236744
36061194
10125285
70519217
32215994
50421618
58390325
20110341
73654942
94666132
96587996
45835972
13388488
75529253
42668668
31482122
65840331
28397650
24894088
73613711
17337104
87110220
84385813
46682369
54550739
54287586
56305983
64483427
69596878
41309791
46849621
93995505
22699872
45135758
82708570
93638907
51011817
98022431
39290946
61755366
34351405
29956171
48084313
50308778
30570814
94862865
29573358
43262810
38368473
83566947
52262233
12463646
31272254
77024662
80419056
14561346
25241879
44277187
81165929
32511714
14922192
43875621
84409808
38664379
20137886
80467789
62770947
45981712
18105041
46176841
69490485
44053039
95652587
16760258
16622058
29520301
82289864
66388202
67475231
32957052
66705934
27566122
12978588
52049030
80130459
63361232
27448391
86323052
53002959
40127799
32895592
24105107
86736738
96539769
57176924
46175612
46489120
51124682
69455090
76660718
28726422
80697277
41242295
94992878
83932130
22944813
90425075
73503675
95525078
83925237
35944903
18757720
47937902
51001779
74038217
10185943
93249013
34246486
61478894
78599475
17598808
61354238
55029141
70918702
36746791
98037630
10195220
31102648
91187581
27587367
30906852
74483930
17963236
59107453
16871108
16548990
43533298
12045815
27080650
84287473
96734370
24492012
55318686
45791212
31393108
64303526
60261989
73806630
20434172
36692698
64262665
52378104
35121365
21084966
35455531
49643825
72104325
19762887
41549871
89258817
11777615
43518051
71323290
80975126
78169581
44345846
17010237
66998993
37600803
19408397
44129550
24319530
21755697
71752027
22450107
49224500
30338566
36239838
26974313
67945042
43751441
10516894
71458278
32930544
47262575
40820862
86733824
71532848
41121520
66336128
14182635
15072424
23554844
99523057
76682801
49522830
26711901
85665265
19323054
72579677
72903692
83892162
56458146
25260742
64976769
68790363
85809274
47776461
79410938
72936525
90790621
28054224
86316435
75072452
20419658
89447361
18013488
70255461
81060352
81075283
24255358
90865923
42742453
36342556
79146080
77209272
37844376
14453690
45459174
98528866
90777520
26040382
21375633
80336923
10082009
61467780
17723038
57070058
78208147
21396864
22148923
24687834
75854200
67541830
83337456
13152624
57530364
85650478
63595500
17476604
31438790
78007744
10461770
70533849
66531825
75421963
35936889
47435360
72190088
67097935
49680285
69817255
32620672
35321151
11452013
79060667
61615583
10132695
17266098
30427783
10978628
42158492
66771593
55275609
74638061
10280351
77355301
25792792
23842941
96063248
71891392
87790878
97510038
53918970
33596637
28216511
67084405
16561511
99665967
39796559
85172675
70128107
80138454
77211088
90014072
47010348
97522588
73354577
58782474
88094590
87460828
55574014
17814225
37122364
49661528
34072105
94662468
19679087
43858779
13724722
22483984
57426264
35204593
62322321
28434392
51217796
29256645
83234314
33689307
66232784
75903744
33642256
91350764
24033402
53312004
70679006
66083074
66692582
56384067
91345834
54064195
23699204
14861138
80471231
31784037
59325599
38234646
16482032
42893906
38264061
66613252
82057418
36458810
87734623
75390575
35356823
20661958
87025622
64959160
50809930
25630094
97323373
59521069
69296640
55351577
65756899
67851374
62978913
59747496
54696543
85661548
20735573
97412523
73690640
92490631
28245973
95334404
59564844
34734698
27014992
91529276
87587965
13701378
46466002
20507166
16059446
16194692
87676038
75597030
21762784
68744774
79385289
24218512
67485943
90845060
55785460
92247978
38744223
26849791
83343844
13252495
78373791
80367068
34693543
76417745
64146888
57955164
69323149
20989610
69965660
57195146
40831194
25083134
92377187
43747440
24234675
85217503
81105005
95529944
75287058
67412421
75038570
89713837
68451641
85630645
45037376
90408651
35136653
61972066
71222367
75001151
52878931
94736948
27685649
61096069
24288820
47513579
32820494
72225431
91588052
33749438
74285082
28558009
84192243
74993002
90877862
73484163
28310574
37298976
48749430
52000508
55917650
16814578
16707348
35833632
31113257
83673905
21167335
45459503
19384722
59673520
45058224
50851200
25146292
43871571
72690555
47579150
62900407
42401608
98280713
86114470
92459930
29467615
82666405
59825720
19398572
99988922
95827571
97959654
35986614
85649940
37026865
79758818
93207519
74972162
13165874
63326838
54155964
96372284
79830453
51806373
61078832
13626859
11166913
85498375
51426090
61979303
66179134
89423464
79863719
91027137
17545686
98916983
76709152
14958423
52708714
84644110
74346647
41470349
75178442
58198821
26069808
82941370
38499946
47245005
10929703
70449471
97971084
68184474
71441607
65587349
23524784
42255197
53476200
91949898
64351393
50360001
54082492
21988409
59637769
77227665
12003952
97429708
31868592
15148243
53435662
47860351
60049645
64888992
40491823
19224907
69238748
83974946
70794473
84925566
90900496
47253372
19138749
58075582
22369156
90893785
91371818
86893420
62875904
71949744
50416775
75424135
86404592
51668296
37468981
58578044
19735696
68017542
37832365
21545864
11981021
11581121
98107696
95853222
75477646
44870350
31445275
11832051
99776513
75446203
73644980
38705841
60652781
51841856
93844060
33976068
49022331
51880966
17101580
96209267
15898588
14520839
83238927
31023763
88904162
64703944
60125718
30975581
44400715
66065942
16321370
91639810
24342084
88650297
90515962
33596456
57555516
32156148
50353233
31956709
27206031
51732874
30149256
61186924
36304763
45997889
73461427
15581764
85354445
11390265
70298844
81067645
14168309
76589183
89644805
21603864
87614636
70193255
84397077
49576516
98120414
74049731
83643904
63557808
24260554
68493432
75493336
60289949
64990299
44226261
53771058
26011918
21534139
30975196
38626065
78724837
37408357
62040405
41670274
78583940
55553646
17265165
61295105
20334771
74255856
60294935
37499854
19526872
61547745
11067718
78322590
97135859
70819612
10832709
34741463
64791588
12768340
38912223
29802026
62082955
91858581
70700446
81859939
31408380
46053030
44987373
94616521
89439089
36304421
26869259
49256786
40369166
43784845
21516449
73891216
55174352
42854149
75281720
50956044
62841929
90633782
27071171
94807307
61236585
65770907
97281563
66181464
66820404
17043283
83896831
26254625
86170849
43922760
41629847
62369114
58955313
47527137
88752418
81722365
36542510
49867986
43290917
10461936
65611537
14301872
75763812
43151155
74705784
57901087
30729783
67901522
30321054
68296649
17252558
80754063
49639748
57535745
10149705
41114260
94306085
92340835
22050700
71301565
16388046
52248626
93086644
19404798
92372269
76314888
30288955
15304424
49226650
84933467
82633039
23580356
25092899
50350188
27872060
12495568
10284411
46128123
96185225
77462371
74238854
52129252
77124511
46008338
58056739
56336017
50237735
70309704
43754880
72626677
26538401
96089191
60480215
45307780
41484401
59502303
29488409
83569571
15530281
21326607
71146918
77550755
64125578
27227086
88325481
28990549
49666188
73319524
56183026
52693700
25158757
51675346
82226540
55086896
59703089
47201120
74608953
44529574
30770595
86929787
35204493
60651429
51386842
51218874
19569468
68614374
56626103
36553128
36160074
81786755
52922471
12598676
66591802
20980437
38423618
43166121
60192849
35562421
95009896
81984841
31291639
92690058
79136693
45731025
10809641
35621174
99376386
86336050
51129977
89832799
24811893
21465818
68243902
30936313
45139705
18316174
52621692
58843446
17027472
55159339
44438704
61850511
44873270
16546483
67437799
52530249
35529984
88990464
77529976
92910606
11231364
80680522
77196613
91767568
82988581
97376184
41884636
40619951
90271727
83548825
47517788
13808299
28752015
25974868
65885490
40943124
67563601
65883410
91584145
43009755
78457555
42044758
14172592
99818480
86754731
88168248
74881886
37004613
77624903
36668528
77138089
60212486
34300853
67087611
27354402
95214564
17997735
17749041
78877169
24955063
88993106
35706749
71456701
31879769
76920347
44640056
89086804
49513566
63380936
60308637
45276969
54146884
96844572
50960864
23039570
14496001
82619756
90665213
36141383
33038333
11075751
17268651
51907217
21607177
86861287
24568144
27804059
10429010
93970752
72581219
29878780
67928949
12735144
17691785
86338354
42181255
56488702
88888533
15489092
68855401
58095496
35481565
31474684
59459167
90108908
82528550
96609818
85351108
34699724
32850635
39667661
41848681
88875981
53531356
45721936
27656949
83903784
21962055
54848876
68218777
15010940
52040732
98745900
84263102
57412797
90781460
70716999
99749407
76470942
40704399
57689311
85287934
34121634
92165260
50471906
60238876
65096115
92293396
39691090
76915397
34343078
55228057
13556134
50016233
88695769
15307673
26864946
38006142
52816042
34765543
94867688
97647283
91032430
20546006
50910392
38768940
89489944
82339664
95777570
82957478
66648481
26919490
69893683
62342514
64760342
27252500
15745881
33116513
45623992
36535339
72796922
28794869
42257668
77701966
96853431
94803034
91905018
90901879
74221801
49013329
27878566
69020402
37789356
35404442
69540820
49044969
61450838
51406305
45574190
30668313
48622473
19301249
39279870
48186942
13354287
98842499
34214549
87949953
89609480
72030764
26844990
23152220
44520623
76651659
46700876
13457414
96593984
52710941
88267548
75458980
92702257
75066757
40241964
91276345
96112724
81228672
32993893
96976349
63210879
38027214
88180239
28367317
53789534
24004456
46729904
22929621
93130407
77320816
71997297
80357035
65148901
41657613
94312685
29112635
42651149
69341850
40459217
79057369
85414697
45204095
92382386
91980724
42091228
17121344
17178853
54770500
50208576
51341789
47988989
18694022
71790299
58540997
89778469
61520744
93120161
72430709
87618719
61661193
22683454
66380299
97663577
25293387
68673011
97554016
66061847
43492861
61469290
90166765
10649714
53427540
11244754
26101259
59512813
80106556
17961282
70530432
55653128
25159875
34801906
13908893
22087761
63378539
99435923
51776383
55435194
58463363
98443336
22647749
75521127
45103803
81595760
45208020
73267333
25569487
90384992
96743685
92200176
90678143
19814033
19895062
24775125
17092644
95828244
64549199
67797867
97032309
65772172
90398937
61815326
14059724
70398060
12397826
54757288
68464989
32857008
89021861
50951855
48134813
19354757
10114468
48760490
68763677
44274752
36695255
95005199
51015796
98832726
28740236
31571080
29787225
12010781
54758806
11356900
52016505
84600641
67040385
31674929
27258381
95926093
87044102
34917795
20947029
26783377
33291449
60633748
57147154
98973047
33655067
51199435
14359783
77909375
51485575
59961785
81290938
30455588
91134359
10137825
66584563
73108142
16308404
54709798
38437265
77077653
87638817
65802195
27983341
33498111
10083926
19987224
20205642
55300374
25632417
32014801
33709438
12967522
10713771
85642036
91246489
22637817
16324969
56619487
29809384
22864057
78396941
62165958
88509270
27530110
67859111
23485750
51792743
20626573
58342168
77726592
51217723
96340871
48827988
78511741
79029689
65331695
79222801
60606767
38554231
38373953
87640663
64460855
39858378
51410833
62255287
67906564
75978262
70287098
87405646
15902434
32605437
65581374
56601531
40502754
85625107
27611253
99343209
62459500
68928158
28533166
38262861
19828110
48077780
22257205
90242250
44669235
38113048
82911013
75224808
71563822
32854318
82034843
67643840
82065393
33099003
67345324
63366328
71795429
51193782
88534205
31358766
29120032
76095728
90941137
27006780
14987766
39709657
74094783
47187065
30526391
27762300
54898317
11250638
46575326
37291278
26026140
35390265
50638123
73537729
51383947
12599996
46327254
74323782
46097894
53041244
42317062
65100891
63942096
94957979
46900220
79833607
87756303
69434212
73916551
59515853
75114058
85202144
86515287
97704329
37754511
52437698
49800628
99594988
84957533
28992366
22069793
10316438
39346568
68640770
57133085
43138051
82838294
67818148
28478019
42986039
46421065
72041046
11535145
86363325
71643397
70455041
48747998
67620655
96201620
45997873
85145842
61020661
78445205
16830634
74441669
96789926
70056669
37119676
45579309
38121107
80987986
83368094
58008110
47379432
25411931
12931983
81568315
57643689
55189556
78416263
52519938
49031969
55179614
92941089
81365902
48232987
61579227
36393451
75593905
90239854
24839448
46992768
60454777
99473818
19754410
13769065
88483241
98863304
80069441
63264833
10632028
64686496
40737583
78363878
80999519
40245617
58180587
52221262
37415234
93983592
24490841
47374644
19731829
57291694
38832857
46939439
28168450
32130253
34619180
28051629
50790585
43989705
76900113
71446513
17298279
75516072
48976245
45309629
41718881
51605252
45901402
26624472
82510239
18297143
75998562
87732624
63022702
80478193
86294514
77422627
41596541
19646558
26100948
46160021
20180311
99208208
90037415
75627451
22146708
31128188
97288587
41408266
57250364
10665811
74601767
67608205
41982196
43127832
45425718
89230434
99512053
10411758
15394328
63855396
82358369
28779022
13424290
10371188
40345085
52199954
47973504
12977954
69989356
31328618
53934176
32464129
25391206
26497565
59748682
57516350
84588716
69232846
96656026
51675936
22258110
45710041
21929004
63026754
71726770
61837273
48647656
73169349
53490053
42567793
15787049
24848599
61137646
13369780
55973789
26422500
57868256
97695795
35643351
25303123
61204086
26874610
61696886
86129842
64579425
11290187
57427469
29464975
51269289
85772125
67825533
35698843
41085418
24267189
29140934
90319590
90832885
74005167
86507871
82207138
88649985
74515846
63095805
74674464
59769162
54516255
90137616
17084855
45360773
43213910
26101329
77824370
91895613
21135273
13387668
37822711
41729510
32975618
18815347
95122714
38850697
19970973
48984594
41436935
45885856
15048414
20140380
58388370
60208664
14993235
48911337
57344933
80976686
27045784
55293224
59097937
95907943
66511471
64789656
47337427
83917934
44354822
82647684
27027612
33805899
27832251
68543997
70208701
43838736
42600364
43154660
35403925
74099516
36734108
38458794
12340889
86819053
72419844
75265624
96679040
84176205
26805792
74762660
47203033
51697359
22416369
51354292
56965976
78843609
16812034
29286271
98835360
32934421
34347158
19350321
96592900
81660578
65834065
69767005
19100301
23838231
47490654
87343961
61432844
81989222
22785281
83157408
72115514
94866992
50226306
86000128
80891697
46338394
87649391
17988476
50586784
25945046
88308301
58490875
82542510
32938617
62139878
12578439
32748207
56346327
28112306
63021953
65558989
73639287
14147533
54274714
91972931
98053993
56176165
90075689
16696115
86220741
93618738
24380855
53151798
26888888
28876017
56576836
83424185
94643182
76053907
73016232
35922894
39549997
79551135
88227823
95627004
91956046
29346436
51560197
38935711
53304262
57203058
84025336
97806784
82254402
61797851
93366854
22789244
64729155
74568754
15075749
65612374
23688906
64583491
80197980
65637558
85759257
23489330
11364888
95726686
97813647
22505891
58078561
25995898
36071759
20268357
37111888
92994036
97219149
73801586
49900558
78168954
13698950
88691814
86672164
97700267
54941263
10689541
64519233
24142937
62272790
60479375
84714931
19172080
37365439
91971941
73931211
71462322
32889976
46556075
60428063
25889817
26752851
40258708
54829317
15459822
60924223
47593622
97880000
60543325
93187596
97552965
26885854
33015761
74149715
44140981
21949460
60583796
96080119
29852235
14974051
41303440
76192100
64088212
31213089
85330259
78288826
39750019
76669922
40609751
50504578
26299965
18176055
12469234
91706016
94831965
33846810
10424201
65171262
51909726
19633522
85947542
87899597
18178562
81541740
66136038
85713663
36303499
28137800
52310175
18488350
18257466
19053828
22347311
45167986
45193964
12607634
34278807
71031735
81646898
42048454
22485114
91105344
92423262
26232073
64483648
69410553
94712837
71924877
64539629
70559581
73022940
51967056
21303040
72732303
53229943
43078388
87398476
67590820
73229819
35935708
36858130
11559812
55582152
70047318
93411402
25892077
76961385
60507783
75216169
64114928
15299665
60509567
79815818
84133090
36014267
53636316
70269155
60603267
68474622
82570551
74938945
30149399
37686621
95050578
91208728
15740694
13837035
88577318
50274669
92066620
27933389
59300657
97189214
34973295
29953569
65091949
67139165
69365059
88065986
48110633
79033832
93778786
13964582
30326420
41477374
58286682
24812317
91926360
53279838
98005308
63438586
77279857
79804980
30861840
66926252
42319586
25869521
22193634
65172671
67845612
57208710
33053969
81603801
58303659
77318518
20263771
88368991
75745024
43499063
96615660
52322362
87481793
89540415
11898876
58148380
97502180
35357822
65184592
76803694
69269661
73093030
31377439
13933334
59466975
50437526
62977826
13548370
19516571
56906533
45596301
61682723
78046131
64443293
24219758
60028194
17796040
38906966
40155486
37762850
74321868
59125905
45744311
70687804
64628827
79623411
46890942
88251683
33167298
33639933
14023624
88263969
83507624
53157030
27972227
17416254
68039696
50709429
39288558
78410544
23720223
60209793
61916300
71501621
13279216
17373508
52628695
61675477
45939174
89743932
30992066
28551787
64076734
82767555
42512360
42123218
20841267
89320964
12671382
40343370
53455537
65049459
86137340
51988113
43381712
99784354
95574985
89295536
61738986
95437933
75519215
32913233
76569085
31335021
36679730
79144445
25482746
59039219
46744538
19503993
55211309
60458501
66854836
65311108
77240366
67358634
65623721
45738617
81054784
46284108
90372990
30662546
24415978
83225640
92559702
34268493
25619291
88202780
53806732
80367929
66225720
48081318
92182552
23498402
45504179
87458080
39458653
73565723
70575346
35575168
80828067
96388224
14085070
39689404
59249815
58650495
84644598
20689474
56286781
32857943
84460680
21541966
94529212
38655693
56609537
30668858
80452655
52513261
13816357
92795116
66588171
49459376
48118841
59244923
43507673
24001114
32465181
47818808
63139171
63125743
94345715
35580266
64230749
76304903
38336985
97349941
26391295
61984008
86277518
85954335
72364401
19245490
66149318
39290436
88050282
93557987
12212617
71793037
67774345
45131835
84870482
27113993
58404143
94048644
96837289
79626397
81486196
95663922
85608377
38647638
38633962
74863503
97668625
41516814
17413405
72784330
60957948
29435237
23440881
75365280
84567180
87850611
35839647
58279778
47295753
31129633
20596222
77616549
54305481
90876014
43535503
49469762
15848940
25236544
25638295
40751812
90802752
73565574
36868085
60060950
18249738
73411110
19173944
92653729
91216374
43099020
47371055
77609667
87658422
14397195
28576355
21887243
36446656
28105591
57736345
10915117
15176841
59294379
32640997
99151376
84648131
61268868
65137934
13165104
77418173
93249404
74299466
40412281
35344639
33046070
70681172
64066367
19427207
37677110
43855519
21720642
28917873
77172310
47645291
16824225
46068731
55333695
82904673
77131395
49639407
24776282
32924307
30079382
76615013
15045397
34291742
91386895
58257702
65638680
34741080
51701941
49242976
21198486
81059260
81816986
44054348
65523840
59873401
24567754
91318801
86980606
80281167
46722013
30286682
12105949
19385283
79140563
13999901
80202417
62948281
61621891
57477584
25632028
64996707
51999678
41839714
52775529
60578674
93721564
74278898
76372154
29437671
22874596
66607173
77520530
54973158
37599751
87922649
85966862
93136717
17506791
55467996
43822307
10836855
88474410
21742168
75693485
79733729
64420085
21287491
52399357
26174861
21897708
45166405
17888112
60834186
39582369
44472270
45202499
67865375
23465916
47299906
79269946
64975210
50186885
28732697
77952664
76078038
83551765
86409060
94162515
79549307
48532149
17521840
50303936
22522894
82302718
54329035
71405039
59391429
98053958
64611761
65516590
37095932
59311332
96644229
26288131
50257572
75625528
63623931
38164004
50362079
49385885
99455270
23976677
80887128
88497546
67514427
20163353
58075404
28866367
60080552
10943335
26072472
20113326
97239646
54118076
57499848
12343944
43827179
58261526
12834933
13973744
14958478
68105766
58014839
59245316
61386979
26946243
18340038
96611499
44565596
33521421
74446549
65258897
61893859
84835983
84838168
83972360
57199353
66792177
95613323
92978446
92952674
39321491
78034702
52667098
45891915
85738711
53927525
55737848
94548255
84459126
94420547
55455180
37347886
21352304
95805975
77842744
17735394
24514744
58049274
24082774
97133751
48433369
59940539
60684440
30935121
36492949
23410227
29600711
19021232
61757115
22318181
86112035
60193243
85540337
96558941
86430589
31603858
54428545
66085972
56258417
92388324
35842647
85756555
18415126
51125390
25811696
53573992
22602992
14380981
79445122
17210853
25286143
62924106
93246151
43015142
13781620
27760157
41628875
48646288
10653886
71081633
24325371
52742672
65912882
70577919
48359858
66688201
49755362
74926315
29228670
85371793
67522998
17228625
14367439
68658673
37583664
20286954
69894948
63408067
27722213
96144352
54439323
83794497
70902630
87465064
72548027
95470729
74898213
16889183
60218758
57418553
90829461
65203775
18624260
77994306
87567502
87362865
90818526
22151246
77029671
67389892
54471362
95173564
60388429
69569572
37372127
57724704
92492907
57253675
22751784
83884413
19796610
83369210
71005430
42335446
24683409
43709526
39848022
85895044
46058065
65212263
67586199
10220308
19654084
51887445
46053211
28489681
90170393
45498501
40597896
22904396
45346303
25794161
51530958
23971596
95936129
41112362
41102476
95596763
85096322
12220483
29620349
85748295
44706834
53610145
48724700
26678663
86339391
52684663
15548988
78722501
38081798
42380157
91873197
59587161
53141364
61141712
21719175
98402911
71503879
55206857
90906891
21405979
28418154
53059567
26123299
57353648
50645323
15567758
88206614
13255321
10120739
31656970
12351988
97582012
62524591
10741971
46643746
17443779
66950072
81056080
80630787
17462676
61714628
69001369
56775232
58373704
22796532
42737098
85487995
83628438
25117527
72188731
77588914
88678265
57602336
40910208
24072246
73960401
88212102
79792369
18781515
14483426
40013733
21140403
40702442
61353819
66768878
97374113
65667056
85119295
17588533
11594499
92902814
12128669
40210580
93140289
54508271
55760520
18139670
19106779
53341941
11250019
56275344
36139208
24601995
25691094
42876693
71141242
23566361
86223375
68266515
59180740
40800659
48505134
19854730
77053380
21329220
67001550
72411242
71703493
73940882
80878798
20929861
70760038
33695170
46424555
50082533
64729786
42475928
14728391
75535260
56985215
42821172
88301277
66365338
57670894
37346357
99318785
40769937
40221801
41053849
33262733
67489061
55837807
60429397
20252678
57150381
86140613
33882758
57629334
42358463
14139354
84967630
49943339
45372951
84705183
93602785
11321727
63657116
66872118
48422325
67632053
29371257
22879363
74418209
73290530
28290131
46845415
27299682
77731319
78406980
91852759
54820363
46601579
86888352
93641351
53368871
43387703
44780800
95080103
45797466
98009425
48687258
47932945
10384952
71272211
82720573
90436524
39755239
78573429
31568185
64203208
48377165
71814398
35107583
36075710
83768953
97541194
56064324
30047956
47212715
12557092
89934736
74685532
62187660
18547336
80914246
97081103
97997327
68302045
78222085
64080161
93060443
56885477
45158564
67177941
98303539
87631099
90856250
13262226
16012572
11874587
40885148
40388160
54872163
26052413
48080221
76310339
83292483
29972706
41286077
49852172
48815515
24275854
88405288
28142646
37702619
94825362
18180632
79249192
52448988
55441025
15384866
82944964
47894490
66968055
15891181
22195427
86899722
70385366
19730009
92938037
80342685
55058943
22001312
90877786
58895453
40454086
98470335
40570077
23879063
15358985
48184748
64395790
12116654
81942180
14994553
89460127
91242204
81892271
10019964
66842785
93546585
40530540
73343447
62263424
85725361
72448418
93481795
58121401
18028697
89901263
61286114
74254302
42785194
54292103
29957866
15069312
98034243
31011222
20388648
88836584
67034585
52065572
46278099
81938673
33438032
87349121
97563676
84068450
13054851
91878024
11915244
12822080
15604384
54009566
78488320
94153477
35157901
99355064
81989793
37601136
63483844
83387373
78797707
39674715
54420524
47373682
26203019
27120876
27506087
17878699
86279840
86265806
12392465
66462556
65043958
59715696
57597029
10834745
14756485
91463480
32233205
57163781
83825138
58957863
78746189
84612069
31844600
47003751
74477094
67173914
10160232
64011176
49161284
20936301
95424249
49885974
64566371
15337217
83670673
39946107
29097662
18668957
22818439
25187227
22653092
58918808
53004383
20502251
20797816
17311986
11830046
79394976
86676735
56757275
32588894
19585047
65915749
35287828
69424923
62402564
27142707
83529214
95073308
83815016
25682960
24789723
14484165
14352969
18564051
74096614
93720836
28224274
81753312
25772498
53620716
74678969
44207903
24300235
75480453
37770754
45755531
19750600
14790350
59394967
72676963
76971752
56013424
29295145
13550929
40067289
23699167
91704879
63187499
75442122
98861707
20173553
90906135
73410606
67577853
46210704
52297558
50213641
16640067
28013981
16742343
84358870
13493780
15268380
59026474
62548604
62488385
62748327
19069283
24809266
51585175
66804894
45243493
59764132
98410025
52508531
34168650
26705958
74178329
23652963
88775643
14502227
40466493
20328203
31731761
62368483
64536006
46345305
60545165
67235897
22690609
61633067
48572553
99389240
19185324
50889938
50682116
41635840
87145439
56215919
45219570
10328805
60787278
14050346
90585927
26758374
45503530
23935939
75078333
78165812
93451331
46526235
99560202
40632290
65191216
35553442
52491656
60419231
41288104
39909001
49030435
42451801
27370471
80092115
37188767
75001042
17114659
89779388
75476229
52011562
91518956
97102577
73553531
47394599
49598463
56874978
16494120
92130259
82004552
28281878
72834155
69085625
57190126
57618741
99097744
58009858
58108337
27394488
19266801
40237371
37414192
13852503
58818412
20313764
88099900
26910639
44155004
70903013
53181764
38983687
33468223
38820073
86205106
88205701
18400415
49354266
45549984
68937885
56440053
71923381
43834295
54794535
67500239
63430331
54452592
29311740
65284746
12701453
81556689
45270165
35101515
41992894
66487952
80328778
81142064
73464004
57810105
48371217
20212949
84718828
16616372
85946981
53079081
11948278
66953912
49569346
97568960
36378739
40269297
73774767
35656804
20403935
32637066
36974126
16653896
11851494
90279628
21678781
23772603
29244597
32367693
90959087
25656083
29535202
11263147
36407263
77687485
82603522
92702003
61105296
43596808
27937913
77645991
22581172
50150605
39819786
61339528
15469214
28001495
18468205
27991005
57193924
41812677
78474842
91689066
40362750
78401490
24449380
83155715
18925482
37835671
51386591
89635487
56793035
60427540
15400635
92116531
30897128
22650167
28996614
89810005
39883527
93978730
49640830
19385445
48748676
34778551
75930409
77404228
37820189
21542320
39297488
68287144
66144256
55820894
29867504
25942910
46990051
47425975
19230202
77754251
99475229
46103177
86786953
25142293
37886327
58835398
39584223
67322660
63346498
95957133
10276868
85117545
99350364
88813625
15803843
86849414
33369150
78109167
75579603
37638749
27035790
44464037
17734332
19103504
22139002
36393234
20224825
85739311
71011276
59438729
47490865
41125672
15862188
63451586
68534952
83283752
92445882
11894085
15382789
18511603
93760137
47571967
32749007
88557077
17500685
91847665
76494160
17309825
22918919
16714782
93244610
83217934
67632493
30088942
86683788
55639921
54851830
37503147
80994466
59907148
11970462
46731405
97983002
85680562
10694325
55403710
94262863
17695614
49828670
34638769
19843711
24049707
96013309
10187944
48736990
14166652
46282467
72436697
74975974
33762829
87725226
92062229
45210805
66361702
41180097
22542375
74393915
17718915
24033803
31003523
73608140
44197755
21210270
96619550
99263383
18198817
67294594
82904933
91771476
61191763
10333383
69731531
56797014
82622681
45139332
26983173
48172348
12159182
50700123
82132416
88351355
46857857
34471829
47340165
76924709
55872468
69027647
61570992
25819448
56947652
66231101
98767005
36374553
84987284
57802471
98013705
98011070
51650160
78752754
23191485
32363582
78648051
96914300
15637569
11108369
27723307
29796850
52653546
17689650
19548913
14446021
40008907
14690757
37920141
93195443
49092926
77371020
51204523
86774744
96192008
64438603
62586705
29989442
55902404
83756307
65457873
51884169
70631787
64370458
35004389
38314745
71447628
22715301
75475280
44151608
70334647
14458195
45586436
62126004
22558731
75191708
22557353
32050520
56127510
22464290
89575393
48244007
38769329
65832004
19800156
63159192
58766993
98536024
42308318
15669516
66212737
90366396
57899341
48410555
36219487
26934063
61399113
63654857
65233797
39704111
30808895
30326482
81626514
35866447
12355481
43148675
36273699
64124698
32033803
45933740
20276586
60700157
93138151
12718019
95169838
15307562
35512793
77400208
27257307
29127571
18900010
73222461
92776444
16220846
65655724
75440866
42704102
90020920
43502169
66333205
79397546
51398192
36980902
95229539
38594095
52492961
36037500
72244864
93602580
