24682886
84061931
55964237
36388559
69880321
25249505
22672375
63400685
80472587
60759673
28614649
94872710
39504105
71924186
90761428
21488284
87719296
93249452
87725511
61630782
99264116
40004730
94635068
28838960
98880067
15236127
41895470
83089911
90872305
18599320
20072422
15758214
95828778
41253474
64712220
37268706
53390986
50132247
24037784
92580310
12586211
76950078
15039984
60065486
82102792
37192118
32820388
22194277
73400555
84053052
21125310
52557725
26290511
66241250
76495844
33529851
86088772
73058534
13501143
81455733
86263574
49669949
91391344
18265846
73161109
29751195
38183207
13690898
61665506
85802360
21932537
23994088
14933475
81491242
60190259
55903995
14963259
94988374
41730640
49910515
76996291
84396472
60978206
17710359
19077147
74196618
92781844
52635953
11527628
78681132
56938093
69568751
74884698
83192811
86321774
78852652
61658517
50774024
11373381
20510173
51575786
44685016
65566289
75284924
94876107
68500446
23329630
87704955
85284701
37698868
75407243
94046596
81439236
81968219
76990040
81159094
44498004
12046098
62538037
68510858
36306151
28023004
58298283
48546003
72130193
44509042
97135203
94541145
22595218
19694058
72157751
76827352
66886739
37349899
44924163
46447477
98300960
36105474
23185589
44838394
28998683
37580608
48835659
90186247
51332478
74287694
39434676
77709682
60858285
66731248
90388760
62418822
61629451
58982188
69076227
94207509
53245312
66796874
88439830
22620222
99790463
13437515
81090458
97293523
98182664
87253249
42063085
20854661
24842861
35948241
58806881
55987889
82552696
70961863
67867062
45737089
92043978
69819851
98272665
43806008
62062827
31068806
21556237
95434332
78899040
82473171
40268036
85327259
31905375
62386620
77511709
42420282
44498523
31307092
75896419
36238618
38742881
83615966
29598817
16036547
88797950
62974809
69398863
86457567
27791782
37055147
69379161
99889577
96102569
55390068
77129727
19623883
74135647
99435786
25751523
22994474
13100646
91197495
23845588
31906213
12943686
48419039
66429274
45426393
80467474
46518132
96662056
72667799
89341098
45879904
51325447
12432983
58463652
80141925
68280654
16902420
64209242
52990487
36199351
18183390
93460152
78609362
97499850
15937913
29854873
90002784
13291269
58924073
37985260
44693760
99113385
78354475
13158370
59154212
80164727
18159862
65429371
81056435
71944544
40399545
81452226
70302273
60553475
16877755
16467804
68553140
17081283
57682998
50514346
62217833
15129146
16593865
61413165
95793261
94000610
31281421
65777422
27456307
88620845
38002930
32753162
41464154
47427557
50535409
44429047
28788404
40601384
13140655
77723565
40782167
95403952
21874667
59048280
44962716
55597665
94950925
45734176
12045112
13941478
32533928
23978828
66184631
72454924
30508665
23938478
98015373
28985647
95986777
75377761
71789086
89224221
28771454
74081182
93778486
71811467
59257641
63519067
12931005
50599268
98893425
74733162
84800760
38979045
33930712
56583889
88045251
81755289
46234116
64624670
34483581
21601071
43065131
68790909
27335117
84319829
82375126
26154943
77653668
69590655
73398340
20843121
36179879
50258645
41640338
93618091
12716144
60254930
92393815
51100284
25283332
79320380
18797595
29622459
65138217
92410186
99765922
93566549
40910045
94050330
58638400
78290343
50047081
74525939
38528763
65295759
36469310
62876291
94709423
30885688
52935835
59311028
57824664
57768846
14267484
56843372
30174690
66555747
33518569
75133206
52939869
58990710
61074731
86090039
37106067
29107664
67067851
20360572
16805167
17600371
74308810
19997307
57331913
88039994
80591994
62114169
51250651
40444860
92138548
37548268
33796506
42952351
69182387
21948724
12314338
68688842
61543191
81181926
44128363
22268329
49697319
11527926
71934145
18198155
44884959
95505598
82698455
15938538
58242200
37658492
24671614
56650631
84348239
46992684
90100020
12257922
44542958
83693719
35720487
90904658
67457473
49540063
88726131
29159891
34040400
63408494
58837095
12500796
89654662
49104068
34430382
52782732
33205310
23424033
43692676
23358299
92952505
70582955
41884463
93915327
12711854
87638240
10012674
49277329
77460370
77686751
84065720
79056803
21328423
62020482
62552272
42408971
25461244
88121796
12868935
26856608
49412329
13738159
44480004
39110774
28723630
73982704
64166629
91731767
88248801
73903015
32368055
95024343
73666187
97167733
34442128
22286227
82631658
39047165
42697806
52614313
76127560
66931909
95984506
88782198
50861745
10631323
45139270
35365746
79666117
71632545
84257339
19083632
29166520
37070171
19650544
42929427
87603217
24871841
70904273
89968560
81611511
86158209
68438741
24629729
43174364
53855361
31736258
39824146
58517365
54364479
75346488
16554786
56957191
85320851
68071747
92241233
94082508
68842478
81455851
68663442
45512445
56934833
41797948
63845948
35915274
79996540
74313410
65046369
31761503
19782987
49501547
63544592
96216907
98338104
90717309
61440679
89911346
14853886
81553028
77322320
43442933
22166399
17427174
36720738
94656724
77632109
92579676
34529694
90584432
21259206
83275188
10261792
67781951
57662468
30103970
31282312
34478285
32224701
32675521
79058600
46041366
49812688
42195047
95649691
57198336
93411613
31351575
27340066
31123516
73386153
65766808
34826242
17280609
99878634
66340860
51811004
14749847
62247755
58895516
86380595
57487401
22429514
14079663
99939006
49808871
90440082
95506337
48709677
40323761
35622641
90566144
98134453
78679597
79295858
45295412
33426194
78068939
41598687
89842048
44280798
88468074
38501146
10836967
78816780
90815987
51654804
33463140
43308114
16085998
78876123
71086295
40721065
57123955
76309865
11624453
49816445
14176659
83536316
27475812
51636644
32882519
25992225
79396346
28100968
26040920
64406054
16096454
26329694
96775269
57461961
79854753
49555237
96291631
49008282
51780263
88816445
63709437
44015203
59259323
22419965
51660420
75009874
84904615
12754272
80910068
21987206
86422594
70172597
94607790
85889108
53768445
43079880
38357290
56550985
14358919
36459071
13644752
56383864
79652837
80181094
73755208
63458829
30739204
53489387
39172448
16880715
16458642
73813220
18051657
67621938
35117621
40558529
71525458
62284841
12201561
46326339
38753794
18989929
99947575
46883054
28586620
53193405
31576639
46175667
38355069
76346779
44220741
90561184
25038477
69513559
74502803
56179214
69989793
64287061
48999511
23669671
91157535
10499756
74818433
39507608
57847140
56639316
16394678
45933947
99750441
60844050
12251280
20288787
48147036
12351570
51106541
96220259
56175701
31185269
92407334
39903024
73359975
44003823
99114304
32660531
34866006
53494730
99003412
52284930
78547563
85581288
80383455
90968124
68768394
46711590
87837469
58772751
26321412
55959536
58291566
11564176
80931662
24592426
31862263
22027735
58943894
80413460
77851285
84053471
47082091
76369407
99693255
87127346
84103727
40743373
97788407
40577499
61996191
41878609
56928700
11553794
92449534
26282705
32767511
81826962
39318495
79608545
74824976
64264376
24648352
68025740
88438763
78872461
57314968
24737052
36799333
13859254
84881581
44363729
99763075
45095930
65578574
38582848
56343271
13684210
93056093
33708166
63381361
90110785
93252470
21804500
70187706
94729308
37361614
42850535
19462485
57595777
27365444
59635123
29838783
14339508
49272508
92539239
55475784
31909438
72848700
56443414
91423185
32006595
50213495
80571280
71415438
91817817
21040172
73880344
43018642
16731741
44695913
17648622
85864882
95728355
85202739
96357540
72424845
47048688
85748425
82267837
70285877
49084236
73363123
32993636
87553431
44961908
94464743
78091142
63014524
25749785
32626655
68318169
59109532
91195411
24111244
77869739
14978841
86379230
85348003
78347028
64858634
37069583
56417797
66295656
76008965
23142919
73041850
67621212
45287373
47614752
93331890
14081430
14256633
57355927
68676436
84003179
14125658
21065796
90334344
64597876
24629355
21424545
24575287
98589416
35324695
87014182
74777225
95170161
89249987
29532372
91959122
17742513
36728380
96336946
59241183
29207169
15753660
78692907
67586834
34324913
66609810
53041813
61899778
65055797
68963860
85608058
54025392
74337175
25566354
93274950
76266126
82785651
58412566
82614872
21462897
81580393
74085935
11707649
94179454
20334295
78450859
66129836
82564257
48444596
29739920
13535822
86058173
79410241
65042307
66455140
37429919
74604639
20381319
70508499
70423437
42460864
14584745
69172826
50080533
33748597
60231412
49059648
14579009
31026160
94880906
87222920
52461058
81352958
12253503
30583255
54288356
72353804
28336918
12376175
18816048
51219051
25359132
80665527
58242346
11195368
25856145
26521680
42897652
25194626
21626198
49224595
35285412
67131940
94516625
49579013
28237413
63545307
93311610
75648020
47181132
73219028
28288254
40566140
70961337
82063290
91187904
92356224
67436895
89999227
64492096
27189401
16613352
54410445
98939723
79889262
53982450
57846494
39649211
20148062
11012912
25706372
65313092
69260479
84870213
90661234
17182956
39700630
67399935
34774339
52806755
27516719
58027378
47254605
35448815
59071102
22411106
58641732
32010868
20781435
77220978
71110469
51959249
24197578
45530960
91103889
36574612
30362492
21478162
56291045
45041789
71179134
60526861
48535936
35481585
65776800
33102975
54680631
17794877
75563587
94817086
84601433
37255386
11465121
82996566
11064336
97986398
16258188
56172730
11655167
47431991
60811814
36669763
14682725
48075686
10572824
38066894
88906290
81718699
68239424
71358690
61160901
68862224
26923526
79650197
12449961
39582255
38095003
52107444
33694025
41846044
56049375
64753889
30388304
56377261
90182863
19074623
30947625
58031941
16953823
63452692
78782431
36050484
19964674
43665290
82147760
54082568
16401214
52796871
92002885
38822819
34486160
25108475
62150592
92982508
57374904
13389959
24209615
14149319
29986249
61727538
46181927
98397235
98625951
63597316
65077355
19003279
65128376
53508640
19116096
44334665
82661289
70647461
96741771
78471210
87919726
46387864
19350111
75956623
32831092
36005926
71564715
20083452
88086387
35139242
25093994
54795629
49488457
84438566
33675825
96612581
43554211
34160272
29656618
40533583
94437118
13694057
49108931
26117919
80598077
62231952
48202853
42815418
59698926
66862727
39823510
72557095
12314032
62546531
21112846
42810622
14227581
90407594
41127181
51949184
56003531
12543884
80753758
85915092
79851691
63043753
74871452
41625971
43297151
24960161
66616284
91040974
92868749
75551230
25641680
48501019
27250508
11492015
38061736
18947243
82228540
96161450
90943355
92826911
81903058
72872025
26667715
92003191
75755013
12596237
65466456
48898839
84795609
17047168
85981293
82723338
41338790
57060441
69378789
30729138
30166846
47060039
37239118
24468460
69487965
76099031
20223065
32667790
70967759
72359931
93930950
97988794
57769917
72871148
95690044
37624423
29149877
82133311
30516810
77638683
49751585
60639494
76318866
35344806
20420906
68754880
52832915
22238617
96908359
80596364
94817938
79221540
68611133
40499795
72842656
59259303
64425682
51794268
86466341
25890001
94888104
59216431
14212214
20236101
14792806
66112835
15304743
75577339
10541853
51978591
39600603
88267139
21280175
73021307
91400939
79894741
38823093
13858329
14938840
31537118
90168516
38845408
16895707
69752262
83713495
15509310
77459638
90282464
72020504
21328186
99898064
93135799
85229474
65284290
37487936
69471122
22116847
22289314
21818239
57405788
24184530
96870496
32808314
12793555
94109095
63028403
37234874
31756140
69131088
26159305
73570741
70507785
89124006
68814912
55634117
16032599
32788993
85415453
16881607
82753617
79499024
27616801
92428809
98035082
94001519
35964714
64153159
52548131
65712785
29042391
22784905
83416113
35564941
34779719
17680233
51329941
54309467
13718288
80184283
78628934
58412639
91864525
78846453
78413454
42694402
78030628
59412161
61060922
35938202
74896913
40280340
49897647
48599682
68589467
54022727
42903798
59737767
56167652
52435544
96508063
95963975
70273490
88952330
15240237
46241274
15205963
61268190
91349915
37091038
82867077
40895614
58474369
62676937
86483633
50369229
34817501
80909726
62988779
38614931
91897392
43739878
50218736
91784706
52404937
64808580
39210472
76223411
31937878
45294640
22354555
16950581
53304724
92563723
98014022
23292050
62659555
15139060
60286926
11975002
81255374
54614162
73224182
12412653
49364507
76477663
87365009
10334036
53745448
86603589
83126718
32873510
34456766
40719629
35395211
20186183
87614016
17826552
90022925
14986082
48888005
67706909
28196993
58070071
70225874
88990577
53232050
34087797
90563497
88964784
12323797
84232667
30284427
68776366
71550504
64500641
87638871
52570557
36514942
21741818
79792171
87668561
90250184
43184926
80581595
33278927
15371186
12981480
83567827
67139890
23635366
97216424
92799628
22064304
95946408
30025620
73141487
52592650
66936878
82217164
62633566
52005887
50110913
74025470
87049474
17869383
38087750
51111463
77203616
25494746
20262720
57661493
70086519
57194531
58635347
30274204
93102134
38704113
25510992
57949659
38740117
64966566
57285405
64560049
13839405
97824942
10096797
85335547
39179814
57504761
94287562
72464727
60258079
12155798
43519852
15877526
99619123
86116248
66997526
93766061
65860048
90481989
59582706
36850127
91768005
31506567
55737367
97580632
69524029
73234460
84302290
92637903
35201514
75894309
85200903
64698724
91219201
54316234
65016450
84458532
14321061
59862962
97290438
65613039
77172911
60602168
14512078
12695695
56399111
70203394
61016053
48069976
58471869
70932261
84760608
27624039
53996781
56260395
67240979
59054675
81670572
34796187
24894116
75643025
30665242
75605165
94067315
32006743
30631609
31719122
78378855
50868004
40970977
83544851
62393605
92478454
25866933
53697323
87626716
64139548
46028780
81099973
46871658
19656430
90998121
87722202
98719027
65924517
24888415
91259086
16940503
20930177
44026176
47103753
39199422
81292761
18405501
66465465
92956064
41765079
60986541
48036332
16603087
53206227
15388116
80607954
96297735
18615719
85904940
52363494
14416155
62210973
23337574
63342844
14332521
37045493
36822351
12325683
97051526
40777274
62496740
98041335
57032492
75545605
62080364
19705048
38734090
89863004
86845872
28634184
81849909
30908864
57028489
28776320
26524023
70533873
71418760
25908453
90266438
33401698
74300830
10462379
41742060
96073039
40123042
29013475
34199360
52247466
11080746
24403182
88007824
21377702
19815563
82811996
57160691
33961649
83348713
94416246
77995782
30018292
51092412
76398379
64914838
55177233
73082349
89718727
53805402
91751181
92440442
72440463
95515161
39376090
63039030
99181555
99298528
80700619
98336030
21348497
77049346
19140316
87056138
65410247
63518431
43697253
67775767
10884568
67881634
69935310
50488357
22097609
73469197
72319917
45898474
25975473
78442430
48397171
79006654
79121212
54283347
36841410
96484402
82558887
52290795
45317229
73486099
96469912
69323898
51903443
90252891
59765285
87800412
91730451
39588730
36342108
18188096
68876094
54286642
32225159
62227392
75699081
63836221
59813001
14744764
31627636
57112718
71252095
68615014
45483280
96914649
97406594
85984971
76382144
11695643
17956570
20410145
34373145
24325672
64549059
63783217
32038503
67223635
13155162
45306864
48489994
38420836
94781474
26160309
34019860
20734102
35894608
34856638
90415982
38879230
10276522
32795894
22784645
11126398
52256839
57078187
28457806
15818687
80819429
49979693
66608466
71189546
95854666
99290766
75205790
39904782
27684794
21123674
81898761
64224739
67477601
42526334
22575221
73304576
14214919
50149023
34356822
67341252
15644660
35781231
48795027
45672583
25032288
27136739
90289294
58028985
50911992
21634608
37791400
43077411
21349903
43093604
43549959
97093737
24890594
30579537
62294118
14362406
44303727
14447549
13201270
52789444
96922374
74933399
77737044
66920524
11377425
82672918
44673300
77134539
10914186
24322852
29333153
21209661
14693359
74664662
19430920
72088501
48304463
42246807
16710962
62891799
63343480
53344990
56680226
39537944
37168220
18945786
22413543
79583391
75303180
35361240
58970530
81572806
44601449
36287915
39892904
48176736
51161165
76263880
71125309
28751727
89421329
78295092
12152354
28927582
82747755
69808759
33307716
88692920
35753680
91797075
18245719
29462816
24647123
15829018
39597711
30912937
38291538
16521233
81864942
11524521
25695163
22581944
72998427
37432016
32316595
66072827
77098175
94547576
25804366
85571000
31390483
60843771
61183625
56428533
66715439
97396239
95610567
28067164
76970505
61467071
64376694
72518403
67076921
83463815
25174864
43051476
36659705
72136480
10612597
19617890
49502350
50615871
46239528
43446417
87789377
94132841
67828487
79696649
27334927
94792566
30799025
71151614
79791637
72109482
57676064
32904704
95770390
40962409
56511662
83496200
52038654
47689812
70773392
79961605
16670247
18472338
98521269
59574766
70412312
24564916
45524739
27606482
26562391
78721304
80703138
12793892
88336674
83818484
12322188
79578666
91075028
91532598
91730746
86472534
70895295
80614140
17466619
38269623
54033706
75924041
17440562
49865415
87902903
85470477
50133227
73937269
19453407
62439850
13367055
16436559
59033118
30572294
75836226
44460730
23346379
10342785
24471794
65848279
94027593
23116250
18420596
83517524
57736188
78531958
48255072
93662878
41831864
80248630
97191572
81097793
24081002
10568053
46795291
35241808
48722380
89853773
73587543
40969108
38832389
25725251
38696390
53862078
57402910
99332420
62566770
48243406
75689196
41871008
33131241
68689526
18608832
86366592
65353370
33634460
90915723
63262805
50138476
61903417
20100874
28983714
89690690
38395526
31882854
70959122
30526003
79712298
47116662
78813221
89337809
36302611
77510076
98640967
97721406
69394663
52081582
64804035
80994773
49223036
24095833
23826753
34751134
82848037
25022760
31681393
89672809
67385454
18464022
37022727
28570949
89610594
49806560
18028486
15625268
50746698
76100901
48710834
50525014
10126288
59365733
25050443
43787425
81990789
32342166
19219645
18828430
25440077
84558447
62290577
68521916
24497950
32645907
29058562
17352287
14691777
19485370
62486127
67645044
49559540
84481624
84814843
63921494
58446252
84535621
27151966
49356877
94108330
85552524
51939527
34413446
30370290
86589485
20600495
87937242
49271665
67802840
12639304
76412075
93626795
42975765
16663391
24964839
75708678
98214382
10727736
39209278
83018189
26770441
41032323
29420564
36789766
54976483
72468167
27575045
73693514
83452815
65413938
79424304
16952917
18629946
65411131
96618330
40726807
30376123
51152551
19508819
36370725
47144208
76191668
54999246
85778155
61128447
11000651
14998983
34007399
59253438
18223547
39970853
95639557
32701516
96114071
78815219
41325663
32358357
21392734
23182853
85520379
54651308
38937906
56727017
28177638
34235717
74188239
36329453
71702769
15527890
60333491
94065363
94051151
47438117
32564612
80034824
47616528
46930696
19132852
27320493
55770132
32781454
58802252
40181631
12525164
55780421
54400924
13494851
90654422
56974935
28916980
94477844
91550818
84268637
96457516
13460242
65866686
94721127
38174637
44895127
56980292
54719644
85051690
56219090
39646770
29622075
95278497
19360730
62795281
39543838
49370230
21291635
63455219
96590574
80016943
29542614
92432958
75384281
59554002
38994060
70029704
81919800
37254041
74817132
65064701
18071540
62142306
40640931
50519946
13742179
92184347
22467366
34726674
99050998
67148069
57758695
81498083
32428548
83897978
74881894
90490611
26966360
64839756
79251437
95881877
48677580
67680603
35470139
33381781
24006738
83768621
21446016
19916290
90327063
59890759
72180030
63363887
32411185
89088580
13032914
22598310
91010587
16467973
95913580
26444886
60428534
44002230
46802730
23538489
82325620
10303959
96996693
99545773
33959796
29842218
82559807
21061532
34301790
43360987
17328354
63739896
78867059
64899753
25349493
91580660
72862275
90452887
23716231
68637299
99166812
69085338
32182336
56823428
25196042
11115378
81953471
34684571
95958046
59585440
67897998
59088262
37818666
69565134
15043161
89873455
12034693
65540970
28538273
77895942
18856656
70824020
70780130
86770284
98785538
76810077
99250530
66930078
74556524
97668275
35334790
52252359
56787473
23763971
40895149
60297883
50406165
51702481
90083405
58204483
55012902
17479070
60071038
74649998
48585900
30042400
29973069
61872529
42355273
39250185
94985048
55123910
41156399
34798430
99257588
11594021
52052067
91489655
83348302
98209615
74331358
68457132
10737877
82071500
94979497
60373045
37899328
93343432
60321313
33697786
33829414
47924185
70840440
61673556
11516144
91936745
28731716
78217872
51663932
39872434
40731164
19900626
94968749
28847651
72428350
50143329
65200322
50628524
91797293
11296890
73440008
23575202
16825951
37122705
77035078
19018416
36212851
51468191
31609903
65735185
98563779
12344447
64713465
81001204
20448843
26395736
24844045
50679405
37319519
18034717
45265252
43574626
78142717
11270744
20626304
88032542
11528052
27905080
47221559
84308341
76776749
20470821
90472893
72507375
95570356
82427720
48162996
81683370
99489103
77842433
89425855
26213167
77645425
11584334
32286931
14294145
23953148
79707226
13466419
76948257
28277196
79784765
70676094
90566016
80511007
12521294
35284107
47079117
92236982
83152592
15864611
95490363
98611200
59460684
70544009
70270325
42009259
12282481
74880304
11898240
82630071
16890778
55460745
72352486
17683860
10255069
71638530
92268456
34564879
94794981
51690105
15660006
95362749
91572232
68718172
34435932
93863781
42346820
90312552
28847893
65535359
37196018
85013832
11774256
64807877
40431883
86589645
66864081
96029951
65922298
49817760
87384649
47621452
75747604
98970278
77308330
73219358
61725124
42240666
70473597
58926892
39311782
10798122
54637553
37118345
81630046
61220087
70482753
89279642
63693992
62362959
74150900
20725497
58732713
16153090
47978501
72859831
49044285
20917737
41225214
16429513
72369965
81620013
22091316
84236191
89191200
83125441
93886292
60995616
16661816
51290586
78802630
30994834
62785827
72456570
47259818
75281949
39117292
43555587
28898693
89341713
72751155
68432709
86570214
15090212
88424097
50819131
42282288
78030313
54338410
19167805
50764055
30707288
49552911
24071810
88239088
51437436
48498480
13175182
96868821
13661894
28222564
90440198
47737357
74885270
21861462
62488963
36732559
59516893
46789098
34780255
36749237
86667075
70040297
11722138
34785252
67009872
58381072
50842081
82189226
32257313
92614537
53160448
19244869
29645842
83084437
52456496
84565985
94145996
43208590
75897892
36033420
80315562
19184542
67492853
37996091
31623385
45909530
91715030
34946848
99881808
83272316
85670143
37437398
18547514
75797144
42294957
88803603
49166885
86502247
79740318
58479881
43390872
27201840
99289250
90212314
85112483
57217636
19041692
92666200
98474282
56103592
89592347
30898757
11142391
29514988
45608694
26997551
55004052
93754244
71289285
26343556
56616903
90179028
69078833
49316126
47651846
99740847
11260061
46121610
26477981
18503299
81803738
24069763
96849710
12992167
64484079
53905839
44916210
85216537
89020242
64180614
45850235
91360713
13607629
42206330
73633098
62339467
15821317
73858469
39162337
49907199
81556797
39690556
91578019
46676413
46455341
92604754
86783368
33944306
51316873
86622809
37681447
12386819
32037585
49759933
58552903
76064366
62430437
34886305
46394146
22130228
82894298
13782707
97235908
31398914
99117676
45277286
32167344
12936160
66730103
63626487
75649036
95285203
68038939
40101929
83632119
54079298
27925144
90900581
65853608
61543198
81113167
85980745
61629963
33601362
45278829
32897054
76434617
19234926
19596358
51569391
72805707
74477146
37796201
94558018
93309605
30121819
17407207
76083132
89128450
66843075
27775633
16911965
93126244
41909697
54040728
90304037
42266462
69317095
45429020
71481515
93220563
55734104
56469577
68100456
59862612
31739896
18925658
67352390
66058040
53960044
55975744
17164280
67105756
74696575
41257171
62540279
18569125
99298123
11505448
24636789
34771827
23811480
29684650
49460538
77903491
38162839
69252604
21902182
92471948
76804538
95971272
69728555
71127700
20224949
24151687
84171287
18083010
90052285
97693751
31277918
43719743
52690117
69573196
96297542
72059322
64390680
81603531
13310596
52649940
26246847
89227672
63063206
43972503
50480307
22025380
30785557
88592271
61189853
77614871
34657012
73287025
96209808
26099028
61112456
13404525
94298283
73011824
59687995
36967550
71296336
78437512
48873836
36784806
51411066
66062766
97137942
27084384
58881560
75504811
59842198
31842530
72696349
72629162
75805146
80719765
26015028
24261264
65589230
54279957
85886054
72698882
54745488
33728138
31374804
50947427
55931588
81658946
10473760
55459737
44411422
17663410
23591676
61305197
22292343
28868587
19735560
40222471
79993993
24053250
59637068
48763215
38271474
89892909
83854771
86627704
70533559
23676440
93638275
34886317
60069437
48516477
18558698
56058777
15476511
93686303
29571389
17346118
20369723
95264584
36089470
82977984
82982070
66393767
31102549
71683559
45679524
54987983
25474838
66544256
32041123
41001304
74701472
18320042
60633179
40785589
36148670
74843673
34301838
92474355
23926146
16926092
94181367
91503324
57813535
47434505
37221716
19655719
85254322
72676651
10236992
94398130
53633674
87668055
20596780
85496761
31756568
90671134
37128126
51723558
88217827
18093157
13268703
11071012
69939596
19853331
51894685
57421405
82234379
67593829
11889224
19529096
13560180
76910525
55761627
57960410
54160407
92246185
23259092
46493984
54004233
33130373
62259895
75117030
37375239
11869904
40535254
85652663
23920469
31379586
26334115
91568943
70802927
24213736
22517950
66409100
47471300
72047548
68895022
63791494
49097260
81888584
85397711
96323979
24100937
84966739
32414467
17249979
71803217
83240224
51344316
25841540
62322582
13643499
30687329
51842798
57722115
36035770
25476455
35385001
66445516
17502814
73252685
68570207
10492888
30977131
21150143
21419807
20965465
70356106
66373794
52562874
90325836
17011026
50230721
77693333
45671739
75565832
76325258
42474101
82068466
19148276
14386727
68155247
99494753
17854879
28796257
27306536
76078372
80002700
19549123
18791468
45568783
84510680
27013525
54359832
34513661
83984714
75493896
13436579
88719893
70543368
50802195
17157361
79191631
35200760
68729575
93738081
56829322
34025510
23892856
67427106
11615594
78928791
47558155
84453152
63347834
97286605
85065647
96935271
25737216
20068143
30310527
60417860
94403761
96966517
67174615
45542625
10521687
90402356
56901586
13387519
56917833
98511421
26499781
77801043
83324733
14320402
46549039
39758201
12616299
36080880
16410771
37006856
20691299
80519271
42604499
25613527
28419788
18388003
11675154
78965599
52617701
85209490
82043167
29311522
88221323
66461540
91818596
54762566
44675046
22259204
61851165
16070013
31783846
91112644
89290005
36102612
31764205
70091009
53197980
46225368
50985630
90095286
57726233
50567343
62520602
39789319
93534791
48978546
48445541
57419500
83173331
36902798
17909119
53374192
68741753
84353876
42025663
53854430
47480544
15458697
80953434
25282127
56129356
59606988
68529115
25720825
53902970
48118715
37113294
73949160
81903210
71869494
77113203
16453642
19683216
95262714
21412060
32656196
50293299
78165340
56358750
37609677
18924245
86389328
75880644
25300135
39830463
85367556
69821286
49929888
97272886
21669858
14391371
28132862
79421989
51094120
73499316
72924936
16217303
23750895
62610750
30490406
14472642
42479664
28198786
30286028
56106819
82461955
32938449
10200623
38347510
87529420
13937135
64143461
52911493
81875108
58730061
89091634
74354457
27282265
55238273
76568806
47938734
73808045
48064040
57872481
66325194
46947479
16165012
58748159
61860815
93446500
23173285
75032274
80700881
35026391
50184081
42417160
48244200
41156933
39387852
85582378
77377684
98383506
38312109
40930793
67738656
38160701
64187276
81214393
33610067
42814497
90789784
62014970
94663059
76553247
19777173
70389455
52059199
97544496
52565177
34672144
11404614
43618823
86219288
16703558
65730611
87791173
65759945
86940557
41455795
46113411
56868678
16699658
41912795
51081014
53152376
68429569
31441178
77790241
54823182
46133030
30878223
28417312
46091802
59973661
68986851
14292059
78939379
12504809
16198210
85218526
92855759
37277889
84849039
57408986
15254367
90653015
14365386
31042000
97120188
93211522
33301514
37577457
47120259
18527598
32464860
97744726
64844129
68457177
35220445
86813796
97202546
68468972
27933180
30648832
67103566
91603005
26116069
62615102
22465444
13671768
26935703
54824271
72680817
41063876
39552182
17615769
78241775
79929404
75769245
28168634
92524477
68246068
32796167
79606326
15444828
38628855
42861209
84112559
15641278
52725450
18499316
27757075
76469580
37796369
63087658
71658643
63852537
50504784
87802346
65408950
92313094
35458598
12131538
73881084
21247529
33631715
58291273
85126027
60032076
30804700
17020302
23498340
61269166
48494430
95212752
73014262
84139077
30003891
90688836
72496730
90533223
81093655
28821496
12695808
29845769
41594332
27142971
15292016
51642145
46802081
33368502
48827791
78377534
14633331
43167280
91550181
32854767
36136061
18727564
14732675
86321039
74202335
63230636
25043787
54470202
39844965
48420425
66865854
68499667
94605095
80270969
83320748
55336396
82233408
95021708
40751349
81216995
55200195
37621112
63625813
35216704
24565595
81809257
27903908
88672899
64052059
51840880
28646808
65610372
43719370
95896716
94252415
67857870
69120604
19474016
14751289
92446230
12913255
28245741
98312126
49214189
31174057
14257498
71034712
60287492
24813618
35485821
21115733
91064317
99872794
43683291
56291255
66707767
64065727
58600429
78923395
10099446
78529659
82248862
25366920
55354981
73261641
23684564
96190681
23652263
39331054
92394291
18387300
42633290
98552503
65382033
90662223
38405676
25412854
24753246
25984533
30579168
37481783
11976498
40521983
99117105
75224183
78989814
22718424
24379386
81094893
75958890
69213936
34530698
15257297
70766369
30404580
90030424
93781916
90369503
20387591
69994118
18717802
76489447
55557706
28206977
20564769
34087978
90330979
76416955
81599749
64545847
94042489
80540048
88247843
44496522
96102367
29048058
82022009
22097184
55741920
97183242
37283793
78261684
29378144
80019224
50879001
54590381
65740149
83941309
35222349
74550945
65583021
25294152
40431508
74027379
52421465
52954797
60911491
21122262
78162590
46780126
83852542
97701600
30593620
77127709
29987549
35216230
29596305
58646868
60482795
69032155
43073015
33507149
65644229
69650359
92774395
63283288
62031589
36911302
34697029
82553409
82058023
69188931
60055333
82783469
88879922
75454939
48278937
34228166
35403724
75042394
21847783
46080949
55700069
79682002
35215016
65527831
89363264
42114339
55829094
85314250
62203418
63024276
11872529
60751514
51245432
26758066
87348490
35634531
74738344
99832763
44264024
10702608
29052429
58657924
68567558
18419722
62902582
25468857
41265580
91718217
39248831
39711931
54756586
75614365
65953710
77085121
86654358
63841967
97767002
35661114
71713786
64386677
47451392
98181423
54682572
33323831
82474354
27696143
39108419
49589728
49471575
33231348
15600414
70797782
25469973
18477831
35514987
20664629
67393288
87848899
42596656
73830774
40218263
78019519
19068988
58324384
19465032
74532819
60272432
73741810
30280265
15391966
44514124
92896947
91234549
46350525
30422833
30255827
47024381
14213972
16826948
58262503
99752507
54884309
84780128
20964372
79938099
27255429
88650474
43705256
68497946
20458952
10760375
64598699
29415410
81285265
17809107
59377088
68226915
99989334
39814289
70447700
64901152
78258902
10783173
72834978
64354702
10273711
50802178
94977931
15634374
97809949
16733806
72286915
68975086
34060168
29943119
84141202
32594994
55250880
16882668
24501503
26884357
23741786
19326337
70853783
14597787
91680745
48312755
20842598
73249647
86229888
31353055
38949773
21217418
24536906
51530743
75380016
28993294
44117820
98854573
87341206
85388907
95454404
12876759
64832952
22889581
68388012
90222551
44704979
94668367
93836262
62221871
53539988
53508724
84751332
53547399
65207475
46733799
33532249
58273924
56883887
52573393
12489016
56916928
23583190
30769470
57756081
88115929
62279008
44775589
37052075
71098135
45145262
21320913
57366308
95900516
18528869
73425427
16720804
38864203
36095547
21990859
26835507
60963300
89891198
63843106
83371104
15399702
99180565
63366648
25321256
64469305
75096293
30148923
64662916
87947036
62334843
21198166
56542384
39118982
94863541
28728302
88351345
53820876
86829261
65597254
53698209
91541095
56918246
37847291
16837080
94672415
49373249
32784593
84565289
18132036
51268392
34004160
63456589
71499580
58257727
63268501
45388248
52219177
58515487
39679605
97940889
74413392
66177123
31781568
88336383
13920440
30536319
84513083
77173989
11203010
59604879
44607454
34483396
13223524
87528377
47001408
72515243
41114331
88407371
51224946
61841768
97878219
72542284
41122764
82349172
94869707
76830684
78029590
15035746
59533023
11777235
12736498
72031085
32106330
13610662
47515955
73138814
37109709
98964367
48419251
62499942
90133491
97636700
14530835
92807157
16775739
88098879
85979240
93206253
67234446
60387400
79316389
24280576
33552711
19049980
84025913
13272582
77887989
61076754
79582091
23287015
94724247
17409737
76421435
82394387
24247409
22292953
69011537
35835245
41694975
50526441
30170722
64567062
87322878
39880016
92527877
19220998
77664057
13811389
27900184
63058945
26382444
93881872
25544096
24294482
20761073
48052879
58522455
86570785
63680754
30823931
61482046
24410612
81185643
39116411
25480379
81117375
11319281
45490131
43929768
97107999
32599049
35783090
69214634
69167343
47731560
86583483
76765274
57023166
47042817
97803071
76293091
27263588
88108208
91348899
52543632
53995279
46941659
32844480
41274068
82285493
93468250
98262910
60069207
40518072
25257884
93726925
92460709
53475516
52978660
99363435
54194346
58793317
98762301
52206656
42267023
14121705
32427880
94531494
22430107
29486020
11104849
79086096
95704616
87754099
24242234
92117808
97177461
77974516
89874206
71564595
56706008
68172683
47203307
62808294
75436881
89687344
87499149
26778232
61212644
97527559
87866244
85761426
51509267
90668399
56457178
89508923
52889726
77589999
50709208
68398005
15643537
26760059
13153575
65047337
87497832
93857845
53469908
95824169
42807987
76352432
76571498
72755900
45461723
55409796
61927046
87890729
53940335
60613380
97219567
66302237
78241044
42687417
91509617
82991297
80669842
38678000
95442393
24083827
45998629
62557840
73757525
43473124
47521585
92737300
28344805
18569338
97721868
54781403
67376684
14823535
99300503
43190651
33397745
45348204
97044539
56614812
44967106
33547440
33004842
47955476
10234678
88309075
74637660
43043030
68455465
15883391
32722255
20532381
94058432
76388465
21207507
24452859
21401988
70764760
98894902
25321991
31172648
45534966
20103668
92292774
83101926
68400116
53949207
46825335
52166241
65040823
13997611
50854317
13819219
68320058
14759820
71338728
43718781
74690516
85135056
75218987
19599898
86509603
42781227
61137143
28055806
90241421
22978255
15739037
50705707
86999600
64237379
41561372
41977578
15371921
10136401
96772911
65199315
75152992
78959281
37154461
29592221
40514400
81988484
81480643
97177219
26326416
45602714
84619292
18923056
25842980
55538612
45934121
63492640
66599353
82652536
79681653
17445986
86335995
52716526
91105409
31419777
27352633
77377587
39141332
39227535
95350908
93749940
93952139
57585204
69553279
49169677
96712073
11736416
21347939
13400199
91052203
79173322
91026275
78751678
13376142
78955838
25363999
12615138
62295358
60417847
90872009
20012615
84716873
47410819
28089057
32086729
65535178
47359618
48384957
21834385
77146452
43575316
99660467
28871848
22570686
37881329
39293926
15915102
18204101
24591463
40656043
17866860
85057911
66241058
60430243
40181881
48670246
47257528
58596730
77331677
94029473
20598807
31549530
46787385
17022819
84180163
19741062
72992480
39030832
94456412
82019596
71908012
84601828
80035132
62496997
63215630
54596862
29218085
11531575
51534104
21255052
42878901
81795321
10591686
61002391
64297809
59057535
52850669
38598977
93054539
73480989
95724278
80445276
40216329
78010346
39864980
96745331
87714960
97541684
16287119
70056509
83259785
65815675
31668353
88456701
33161533
36449604
65991821
50620782
58565588
46483322
34395369
79729740
82209304
59103986
72737229
29498851
79965352
41031919
10188408
91178895
73670762
30870655
25381610
17506705
52322611
82139895
45100511
79555673
26052720
74614161
48546389
21471385
78135623
98812542
74190998
13304437
18114359
62112931
64827772
72246652
38351712
78222918
38106656
45248254
19931764
31735894
45425072
71970642
47673803
23548046
14434536
47492703
72763104
48028963
10033529
63161005
70734952
63539262
28528450
74079991
14414074
26124533
32996106
51290713
73332401
36162413
43615130
83728600
34729267
81034902
18666313
57542399
10367015
37508617
70245034
34499297
94193314
23995537
97730397
45016801
26244671
75706738
36906920
33834965
62924608
74138557
37489630
10126595
41047584
30218510
15363081
15212990
78406153
26797141
39398878
17100807
46940393
16447380
80565059
37857320
38851562
67502378
86272942
43302614
26958946
66304998
42105997
86441184
48632257
24454945
57703141
50807330
61403513
12594198
40596954
87170170
47972564
88232556
71839206
19635372
28283409
68622100
90436736
68809422
63565162
11575699
98233403
87115945
85865561
72893664
41168635
81998623
85805043
72433864
96708572
95382438
77113389
84707658
40698936
71561282
85685839
73944356
88622827
74801307
51791437
58772600
85354381
83001306
69606627
35503583
35039072
53152961
75451329
46068665
78755564
77827820
16716712
35683470
43013944
20216952
93412952
83824758
50683274
58918987
20980258
12055192
22356988
83888899
15945941
79814057
42599685
15157038
70252908
63169274
63820530
77730375
98990642
95332287
23366916
48850867
31453789
88369664
60506319
11693284
80304657
80478782
32551959
53017745
21448070
74126521
70903052
52558303
67517939
84964574
79980669
62416303
10198849
37008994
79895008
66127166
75549408
68779209
48917768
14847558
86240588
39715266
50936425
24672901
27124162
41709422
24963899
72924140
63205778
35415019
16420861
82143474
60448250
27294189
90451501
82247487
37180932
56030841
98654341
90097093
89272022
46720292
29440068
69646029
18615654
68389376
53480116
24231663
56855982
17368988
47955046
30687203
17614079
60474993
98767681
60280503
79717705
83372414
99074753
81292486
28397997
49322410
83980653
90868875
96007898
52430168
44395842
93893916
42912115
53186137
74856180
79772733
41583332
41739164
99703202
38304163
46538409
96693158
66609270
65535998
98781463
63910029
64611139
67242882
40265381
50693787
30889759
30846584
40462558
47582235
60364695
39301107
29330622
74917848
57513202
66014746
21457625
76277514
28148704
40216297
25094185
21142742
92157706
31554304
40519326
66837590
26283588
53240981
14809516
63926548
52077198
27699773
56189458
47584693
67317531
89907116
55982870
72722709
66122084
72285797
53633924
53118296
18840323
68273173
96793420
43525862
93983446
32299767
87062924
64918070
33460299
59248231
12553495
61643199
10481413
19248808
86544325
91035594
63042430
54564434
56992439
18510132
82889262
34497993
72393491
94620264
16227450
22152560
37809079
55172911
88850911
37116454
88180154
72481124
38519805
66343905
23790053
19856108
28855365
35566046
59406593
39079007
64337573
34669618
13590261
15250695
51525466
12612755
13301050
53542596
89937177
55582370
33363337
61686913
41918010
93678903
55469905
47288905
56850497
95117788
75281318
75354607
21544832
90822849
78582412
16493176
89942622
91437892
30995604
36633635
20053912
25463473
25716346
96342241
76907184
67320503
34831325
27923222
91085039
75806831
82193100
45243293
55983415
15805377
85941754
58643783
71488872
46396444
66276510
42245861
62029601
21972286
37033456
11591398
60223166
51653646
46153538
56877161
16117338
71306719
38777660
77978324
50475395
76620273
90487384
99458734
46956201
92676467
68845435
15344814
68193403
98451806
46054669
89437963
93405491
49035026
54907029
49153234
35862107
35760213
21547314
75833293
71935069
36683658
38624075
64898438
30120041
57424648
50268806
98638227
18508376
98678812
31896868
13681830
55528251
70456201
76955739
16649106
91722799
49169382
73674751
28640809
35357905
30853861
18489988
88611447
92233494
75342579
53108248
80468593
82856380
22218192
96791595
13940650
48707240
55011839
12107354
10818460
40647641
69640317
40556221
27031222
27077226
80155161
34003094
39536002
99981969
32754351
41859152
81283786
42559011
82974481
91899448
48322789
97233428
26136562
23818098
52461829
62690444
17301828
79245937
26075551
11238855
63292401
25531675
12817259
29318693
75286552
85635638
34433163
96663672
32654683
72696011
84316028
85636421
78593792
93899307
71201313
16220164
64227683
38797098
69994528
89021996
69929624
97826169
16285786
71015497
26537890
80018677
15271942
50613483
90629192
25291847
83827673
57901852
15431967
57563218
44884891
29058557
28455965
31696574
30144105
98220846
99562921
97587856
23233662
76953919
72244809
35665566
55971139
68144101
82700299
32917481
10988011
74044602
52840706
47058618
26201861
22539353
82491854
58654552
78690051
83609754
74508066
24508842
51267942
38842669
44357754
17353473
14577897
19433751
20912092
13940098
77946337
30095825
45234654
41537326
56278946
72560394
52436718
39577115
69158245
42246754
90818950
86264323
53624093
61001557
25793821
17800539
28395682
88559100
47238067
13356152
95148142
18980186
37318645
40553667
93958893
71281195
81828816
86835326
53770489
16957472
38680701
11966181
70871297
97919269
56991723
54962326
17670280
74689817
88481630
14455681
47107672
16373850
77450677
94987335
44987951
15388912
93769144
89542096
51350384
88501521
57893716
71170902
47105924
60148893
91034544
40233022
45481431
88676306
34766204
40196076
62893970
48645314
31589364
33675594
25145780
47450416
87143427
20998163
86727142
86575221
60742409
80765532
32041190
99949027
37431852
98426496
20082788
21493930
62619132
43298297
39553117
80610553
62820068
17168313
25736123
85327533
66752830
57883069
52465193
80229543
60663554
83870909
14168526
21953943
75086987
98363010
45731073
49840491
85699776
83573841
23100811
20057846
46993638
40631668
14854849
65702678
15043649
85249375
29578317
31373486
96942225
13153981
14150391
90042874
25431010
63819345
24562189
77920077
55753225
52268863
39177092
81097159
52491598
91140433
94566715
88655153
95519936
42474233
78695138
37206772
47950684
73917275
66113144
89329945
67342022
69668373
69785600
85844863
86756517
29598865
70774398
28973078
69498927
71245055
80062376
24700690
85939419
72055687
52753514
46886730
39620249
43433360
99497240
63030412
82439259
19409713
50101242
97256104
85970910
32072911
71193262
71618575
60773968
16500172
10369405
79958485
40569044
25904741
63259173
48636830
77421291
14727774
11545912
62309888
31359076
60549858
29924458
16500033
36194828
10132364
55481985
93562949
38097738
84111233
38568601
35449322
43836862
74343108
13568787
44016797
13780503
61540622
19706227
97820988
15812936
91256395
94687725
86007608
76577283
19794064
25819194
49544938
79096300
65302567
13204558
79091999
60942716
13267792
76219502
86424904
52607102
98583023
34483556
84704178
83002944
28463534
76057768
96015991
11720555
82488357
94334035
30833956
88900077
48070533
94562353
47555439
51991047
81022974
77246220
74068170
67336195
77454046
33491698
80552874
79989098
34537409
59373838
25446365
39865841
55421233
61520198
34641077
40761243
81851871
94212711
43579944
52957203
66939657
93280082
91304538
64130118
85239291
81783784
10585795
99275472
58507132
94640988
66186846
59920472
56630676
65107324
36744457
42113328
79499372
22855797
10506514
42980911
34414405
50762053
81752484
83256845
48613824
61462281
55981710
36133852
35219813
97511177
14801486
27454245
56219017
54991457
21627598
19334925
23564362
77773652
80543113
13420467
72033723
40058003
92521785
83171621
42469145
50765866
55780927
82911667
93810596
77950912
24558161
23748353
93347737
94208211
97534019
86524387
55443618
58189266
68965498
29421702
61710988
34027822
59286687
15470991
37247408
54385586
73706707
68803958
60739395
10606181
74413167
96983919
90192174
39160463
38154493
21443968
30921341
32887793
17094590
23983261
40315397
53856267
16908819
96893385
56324173
94492813
28992743
30324032
12189962
24924325
27343774
24125693
32408160
56994371
19759892
90383297
49204284
20030842
45260665
78567199
39955061
14158733
32166831
88787781
56603534
58838624
87545790
81676142
91768110
83327706
64538528
91702811
83190670
60683099
17394914
98526614
87780416
34082968
90172663
58422284
44487481
39321655
62772122
17416525
80704714
82916509
45695668
40832172
31294608
65711671
44640905
76449421
97214822
91403436
36407039
91376011
84946387
94015206
32218915
46615831
97037083
56731512
53788346
66716175
90033007
40190364
57328633
18196956
15440664
27628680
71645181
69392090
91374587
56453427
91872573
27713981
15384328
16217555
98703104
57550382
41435102
96433565
61220840
94070488
61133818
10718080
75314209
24291534
11453762
50803403
51312593
60403607
96203405
76938845
32255751
22459621
54633310
72669183
64418065
13527730
27758335
41241936
83920952
54329531
73908886
68114307
74982864
91150710
96082330
63534708
35874321
70839798
85288514
81413888
97738865
64148118
23492402
91034337
13154375
28078139
94679803
89769306
90229363
77742088
46717000
81936375
52475600
63355335
91391869
63449224
32546902
28089453
71074609
80211961
67839781
92040003
10929449
26786015
90525553
90810575
43955801
64042941
70565129
81730953
93277087
28239394
89574902
74865628
64222321
23504159
13329969
50582712
94307949
57259636
45879710
11827053
24607709
85144616
71600998
91511171
28593818
40972732
87782510
60056009
48310654
71611109
14219893
95626648
31562315
73199919
55022855
72342497
74949716
33758642
22782194
76950756
18892873
26109049
96873042
95652098
33712343
13354460
30004833
38047270
76334209
63931474
76109909
96677465
51408870
20425972
78001079
91901702
52940512
13306339
36664738
30085449
94855762
93015533
81085505
18231518
19132672
54440456
13925368
21740046
98641116
85265280
77530713
86228472
85903373
63099561
94222541
77878917
58152913
30062499
50817247
81032211
21530486
83864794
29099179
59147706
78996926
24394865
79873389
84946358
72555408
34637287
29021926
30653457
91191643
61108482
89458337
53657870
26024948
44742108
84039994
81226475
85681631
34957045
88961737
28119161
73914037
11031511
16442497
37737643
61728594
22411387
97301234
12871513
16866543
60704419
59860479
87777742
98362247
43653104
58937059
85793271
47818759
28083318
62345789
75135817
62232410
33227369
57841251
18308543
96785223
28168298
41138492
17104099
58096624
96660930
10862999
17934384
71771475
71216021
95085022
70784105
80284181
38655389
56872401
67643302
57717092
71442896
39270438
46116990
61943094
71023366
72692086
50657884
83893677
96019996
42642534
27433033
23322409
41481940
35936535
54334647
38393870
51055432
28838279
53627529
50306952
49414876
20497284
60470985
10630566
39040520
43766392
35234659
83540409
32048602
40485996
64659622
58485020
14912827
67021366
56971023
66622222
68012189
17356122
68377082
60641380
95759099
18569906
54064053
86937608
18889274
36516331
23826065
50132110
84593794
86179498
95573328
13071420
72573531
61980887
90285755
79984158
89795967
66595585
25427673
37720813
94072820
70867064
22634067
93492617
37174952
30758298
73308683
58422166
41178103
87818257
49041920
48712961
75810045
11248920
90576413
57471223
66627846
34629862
39620341
41176304
12959803
47464738
45595521
63947826
99982068
11744080
32820264
69614309
87110456
92670432
17626841
86924529
66042032
74100681
70065155
86289037
75153322
20415675
85243483
65613198
78923876
66175012
89513176
67513413
52347654
22271562
93570024
63829180
65280476
72904391
15998458
97688116
50184313
43501197
21719776
52633411
55372084
81631861
36145474
64659941
63728993
21586532
31689651
97653993
71386964
75206230
71076639
66458670
77058891
64843503
98908436
28053311
94049395
66786714
92619126
91313952
32295710
25288557
21676587
23858639
43072435
33581426
53932287
87506942
27215024
53935331
90965784
21891393
32759862
78467921
65884941
17466014
79205385
71068928
58460175
48518819
22468348
23102809
41491428
41759198
88324545
65882585
51956714
49862161
49647432
12329086
42271950
68414985
36233400
20942305
22049975
19159013
94213727
21534872
81767271
31555250
75025654
37312661
91575860
33697921
97530728
56263787
98070984
99286256
89061903
30005470
14610155
26309151
20987360
98752983
82016011
31485682
17702714
21097560
40088972
88278379
11331317
58025266
85716005
11047888
14468309
36913319
91797994
66975109
27761763
98609562
98660189
17267854
93087982
51810401
45479863
19969637
68803368
15446840
46355589
63000846
43106442
23994010
82945908
79131071
13806289
54573677
49326116
25178990
47401690
19846613
70063056
61065507
28704724
92436583
90217176
23053493
98503467
95976928
30783448
88525724
48169667
44000212
82154108
46694066
67784524
46654259
36843280
56539379
58230160
96992632
53386463
93150676
30365033
42329632
28321200
22305318
41324561
34378793
86737716
53225742
47297460
97126909
57684364
29480820
62989426
80194804
26695228
16555115
49991429
87444752
66740112
57350447
78619728
94786936
10438900
44878838
32340635
60467968
95544202
10243058
18043379
16851880
64848296
69976710
55754222
71107823
38436763
94337306
37367074
81001723
26492478
40599235
90723506
32764035
56155538
85296553
33754328
55186702
97293971
50709926
64600764
43533242
14197964
61019475
41189192
16090493
13374546
44044444
13502101
93945672
58011208
13429014
11685113
25519369
12084735
53766798
17195891
47394469
51177494
70758714
34756087
52370025
65936889
10137294
97854466
67376941
10110426
47292908
47919006
25053391
37551100
97419426
99632337
42470389
90565423
45487808
16207540
30873387
16220344
59132736
68035357
59341661
85451022
62330635
94300061
91891614
71941575
83670208
84131774
52371023
74333058
78706682
59796848
91368600
80215761
63464839
37046414
91949985
45637727
66973835
39926113
22902042
81290131
57035683
44413407
89471442
95426768
75766355
53938184
18096893
65419261
47439727
75119189
83489648
79792558
60253310
19509469
30703497
94777489
87469028
20778940
33877543
79190029
91191362
55681823
60881032
72801345
55534150
53751937
85590576
79679853
67698857
26960643
98590470
86888393
90251169
28771184
94717412
93623987
31821878
77817208
33331189
22900439
57217315
21180513
19428139
83311421
71530221
85540163
33867510
47853199
54930329
69541523
39936894
49915952
72400316
57299319
72124300
83218621
95708634
71570032
76076688
81740298
98134332
55289459
87847149
99745081
52257341
51625555
78902827
86853735
34564806
14567003
50091981
46340296
11520840
25413103
57857645
16428732
87373719
78007450
84110140
41453299
61310455
87242530
51605020
22897966
61942113
88395526
41665210
90024343
88445901
93554504
65949188
95660789
19660464
29834775
79661220
56624619
45306186
35575836
84632140
67945326
32276194
26673369
96830284
39040519
27539215
37470026
92573930
29003532
32781936
53967726
69046494
25914329
99107273
13259978
31748969
96762394
23755872
40395870
16818691
71059697
52111047
89244144
68719811
14650492
89877585
85577794
56171603
60672123
30838400
21063231
38906508
96278626
94730703
46010981
34833256
28012716
29385699
24984978
85636006
89656170
82288156
33301941
93037611
92854109
32068432
26426047
76538458
98049926
32814835
26912444
76201143
59739939
33969919
20414534
41548418
90744203
10449687
63855721
36910604
27729257
99974997
11260671
13173016
24902562
10933437
87831856
48527324
52663345
98593676
20723648
60567595
99061043
17483244
98703491
93298824
47785341
43152291
59234138
87246898
66249990
34081865
28281332
33906132
13525236
60543103
14023835
71856121
56627380
13395298
77490017
74058640
77248564
51008725
95318679
15274513
78376222
68037193
62528599
48756611
41365523
29925949
34112786
48550778
10004638
76360856
54959976
94184891
74671320
17536971
42567867
63024795
23909945
59330394
74250909
17971731
74394563
86179153
84779547
86164017
21545315
60900749
40891762
72299067
51317405
12423444
55667735
90382512
54468217
91594689
34870660
73358183
86550061
36279941
28247056
92919812
85326540
29068860
47906441
13326016
13562358
10216635
70156940
50080204
86264859
30806649
21501679
41682021
38531008
46512966
57597142
93575833
69058743
82481643
46945060
99602224
61320719
93412212
27958785
67967390
34184749
11477722
38160326
97945082
48501462
64434040
64591425
50773891
53053347
20800161
28646513
37299207
94204227
90147348
42198332
14224713
86224733
18716131
62315410
82761582
30585360
11177682
74518599
98196341
28924528
86227769
76037595
63684850
57979140
46103826
91200067
82749844
76609416
50694854
98156202
51735766
34393062
11819660
17421655
55486875
77630011
96915257
43174003
12478171
42064225
62646636
37910667
39194080
11285521
91799623
29702461
94258204
57250608
66741207
43554556
53282516
14617349
75090737
37092780
61320662
14339066
93067043
24371635
84598950
24807617
54959445
29960804
65954345
20946016
31123318
86094596
62344378
57037864
72191525
89161454
79825411
20243977
79561178
61986775
66998279
71244880
13872465
44109915
74209914
71077948
45020867
54447750
90852622
82715841
19220077
22633245
78294452
74946495
23561305
33340045
70066802
15201429
36272969
35034582
77605448
79134634
92322633
54175089
27480000
70383419
76715456
61251535
24390501
77160408
87110615
24700687
76279323
66700908
67353393
87598552
17538954
60839563
67546658
32829004
38449670
27482166
76830915
29056173
17109109
74329947
15057595
11384502
19901243
67889081
38450204
27458238
88368740
24715617
53539877
76737638
35954101
81973734
72696833
66709070
67632671
71595468
12382209
65712112
39315917
67257848
82892413
22195323
56308717
72824954
93879224
39617288
26339685
14814383
84399283
18828264
66676092
43440488
61912370
41420677
21141475
21545746
15552356
74084115
76098958
44610993
17157667
76950794
94437650
36665180
15561797
55919261
56057197
45414387
65496706
72321334
64094569
63844449
18861666
87807897
56546954
83452637
72663711
56289964
50678108
56734204
66866628
49894812
22322429
90493226
52852789
18606404
35174208
37696120
22740674
69215560
68368118
11575067
60909438
12816352
31243172
71627904
87705289
18977197
75903223
85168701
67171091
59397655
81048400
56873897
80120436
30117545
50825837
16068933
71812911
41349667
23206027
60094659
56669457
35808340
40319360
49741717
47795231
68131634
89233454
71341456
35546600
22704893
14639173
13287036
11540276
11125800
67975576
64256191
37089446
38150877
40598075
82551716
82139164
95806421
32433307
62330074
42477515
63139812
53005600
76652128
10939651
74601907
16709057
84811262
96054809
32492586
78082873
83097119
56315174
13255990
80724097
19692635
54648062
96836154
76274505
20832290
44921966
30460707
47584448
56785878
40526303
57170117
65115248
62760483
28058743
36259351
67969554
51058627
32717030
56728414
93273641
59960683
70556477
42870937
18204634
61532092
63235828
39411616
98480443
57199773
17636147
94422130
63156494
37048475
33194659
98968188
60240328
73620902
44462682
70530719
95940092
64257624
65058535
56108340
39693327
95796154
20988633
31428923
64862371
72484889
84997090
38974832
56670981
52532682
31615506
63099712
58753878
77127633
21041619
40285247
49008791
40041893
60705020
48650245
77071899
50633900
93219568
83188327
86013447
78994017
49253324
38120962
90552412
17765997
18390277
31478146
51387661
92129784
95840202
71269631
86118465
44485504
61793062
37366780
61397117
21379136
55020517
95137278
42284309
85133784
78445410
40049763
97078318
92369892
64903304
69926027
73481012
92620468
65116346
21595511
59724218
18534886
15224479
97723968
48748336
26920237
18715099
56698623
65196068
74379089
32410789
36929326
70801606
10586822
14402945
60791646
76666851
12750654
61136980
80744761
94997674
22161233
62147501
17429835
95747308
42121387
41107175
56690517
26244315
16794781
82291632
76990707
92696838
47593089
13990519
22079870
60968691
47660963
23619347
63661668
31285950
59011108
81629767
83901258
66365084
75275009
11038699
35978625
41037445
72208329
18612853
52487459
64846237
87287446
63674522
54245010
96423709
92802749
41988104
55508612
57289222
43953581
88972334
91119993
34390844
37751313
44493315
11434026
23092170
35668317
93905220
26169340
21148158
84685720
75343779
99877853
87162497
94451487
51474619
70302175
61928233
86224981
74637734
66000296
77709497
78664100
26625436
16955579
17310253
96620226
69284095
17628372
34399372
73415368
80014201
26373777
85120444
92459541
50835175
24410584
37797767
16408564
23279452
20761649
19726903
75393954
73666017
66067777
51086448
25344199
36284759
64100243
77237557
53162259
95754221
42217671
25729519
91024725
42177553
48051289
25574956
13405332
56033442
34870751
86288490
85233192
49723799
17321418
31260566
56844585
58288254
95923401
40522234
15233488
71274047
12011852
40270181
76501761
35398118
55638143
69292694
83822460
34788445
46781481
62125707
53616392
34130297
95956339
54341328
87885553
34115013
60460959
91568708
12160333
54595908
55545427
15089358
84119727
66718008
83436264
32677580
73464708
66283130
56432197
49944408
89535187
50770638
70922743
16673267
92568009
13562384
48455120
39614590
10124385
14620154
11818582
83599433
36781657
78459404
54262515
95095941
75294670
96372000
60953611
63647582
50045575
26590870
91196511
19744181
39631857
90908261
54076621
33053332
28495029
67877292
73488643
49968706
53123409
22409872
50556957
67156827
62923293
97432015
32881989
31563887
57864294
78398769
95873378
40534448
51724948
43591753
25522015
32095516
18822339
77136611
59824959
11683769
62930368
16328823
92787622
63207289
85331453
42121346
25408813
15682205
36204802
10247963
49217955
54486918
19757760
57071917
96523341
34591724
53003588
81167983
82302907
79833210
56138455
63267173
21560849
12208866
50862931
43330902
90711085
35726464
27515806
16971671
51466721
95880243
85275084
80744490
29379447
72616490
23421309
10374350
27297723
24549735
73773371
91103417
52342482
34604836
85270985
77511234
55840350
14225874
20278566
65914079
29789914
38882892
51602882
19221990
72178288
16911734
16432094
65314771
14455429
44768206
73573396
57756260
48271292
70241427
54010427
96376205
55489496
97903860
40465518
46808895
40578925
77733796
57434652
27725498
58630782
68128073
80042481
98006289
77057121
51320817
45267265
89540931
82026217
90594230
80294361
74222129
43097391
54598109
20554843
89396045
55761402
22749448
17732521
69897676
94817500
47434826
38106600
67659461
92041166
87140840
98537293
52174385
72447965
37630707
78016443
97607918
15549088
92911400
30395350
57478462
64128778
63067873
52601601
48063744
71254739
17124280
49219820
79090036
91467965
29034594
21089046
63272808
38794180
84124307
89276781
54850462
58707791
99034261
37399531
40284669
62672100
25207178
49535040
68635655
99324000
21778931
28697124
68638053
42224907
56848469
70666621
44705223
77537128
89369164
85370676
87310866
78064100
25677806
76433571
86138377
76413384
19848243
26512015
71978431
46764591
53389439
44212811
35772436
51294703
20507370
12321939
22397095
36265232
23709862
21210451
72089244
11754386
81277646
21558522
59891939
39171590
44871783
23661529
72489161
82818644
31152009
38345514
60576133
90418037
28960531
70739894
46845412
34495874
38108008
35644463
38801209
91756042
82389099
91949868
52304743
76516798
91814627
29750484
69338457
43567511
84752780
38685702
19586556
62006535
63042087
65710575
86450033
20209921
22128643
64388652
47639915
41237874
71143014
59868426
13026283
76296174
74312920
11118612
26926147
27460437
34412525
85200636
99800119
13465436
33339473
10639225
88134429
93289556
30408146
55992040
35025428
94755515
51765818
86894343
46004165
52952175
26352984
62834744
90279065
27167547
75618132
35162454
62456123
50516592
86797912
47242582
63423411
90529537
93006054
23404969
25735499
12678138
91367894
68099183
27303611
42835612
70041791
20955256
38367047
27811723
25081886
43445025
47353639
14467083
68928314
67475520
86193510
70324404
92025316
85970338
51498534
14423028
84333120
60325961
62147793
51582421
66512715
92617359
46051825
87460290
67471615
56984056
13791620
64250025
47749653
86874442
72497049
76048302
80914455
58618573
23734098
16863934
48690697
45357014
36237015
54087169
44992985
79205365
70007723
73577969
13147624
42921079
94882188
66953924
67798265
53838752
41245987
80965523
33629273
16191443
15434654
77196549
73194759
61225765
50664819
27674590
78283382
16043859
69034651
90847415
42257421
71933696
37371956
79235933
62540888
11378273
63519710
74576712
25723782
83674932
31528805
30045849
25153763
25415610
84630604
78989952
72124293
34726392
58432851
18682502
65935677
24615741
44878587
44258441
85420783
83661065
52918334
34903827
24005077
19273640
28661108
97534512
14114653
92681060
88536188
43222812
99530730
98644362
36750903
72050989
99480875
19681488
24591028
71110351
15826995
66978865
32825128
97632730
44536011
50023262
65410775
80755413
87621539
27233735
66445251
62119714
80047521
77828397
30865911
14414801
99335536
31965903
66976690
33201890
38283360
75021187
55211194
18916569
16355335
95352347
69308441
73437624
16305498
34153637
55437566
25192896
58008120
54635614
83441035
89427484
48093025
55491837
68514360
28161486
75925789
24371658
53608588
95994349
69330787
30783940
14224227
72949417
17127745
96951866
29126564
73303205
61026925
50455778
32310562
99631758
64950644
88832383
18542508
39836451
77365724
22145014
52445208
58272594
20350090
34357817
57987567
78485683
62355506
20896348
45027296
75603407
71457153
50304017
19793269
15958003
86747803
79231151
16209054
12586139
90321486
36240150
57503491
12955768
98732845
14886575
20820271
48937713
33902795
53657138
57281429
41818892
58762444
48997650
38251820
66759984
22208561
78183019
21731765
71224622
64004049
66310570
27082635
71391489
10886537
79816505
60703316
19249804
22174685
54295572
81204511
62949427
10681261
75722313
29525133
40195545
94987159
94834525
30748378
78212512
37555732
78065818
26627181
69990220
72255242
25029927
84804664
57559258
19644247
59339231
90480386
27683767
65455172
15849950
47640345
33577353
78162855
85494877
99076724
74499747
52245836
76827837
78972889
67105888
43393805
62135212
63897623
84460627
43696107
21957939
39212094
35945916
78916143
25525637
21134737
87484674
10510277
41882624
21651029
72065033
73559035
47706020
66405437
97233382
22612121
61575520
44463373
43622275
13316726
88045976
42933335
33570582
30376377
82774602
70398420
74261839
17460395
18231995
49506786
62617587
69537960
23575568
94079671
54202855
90120761
55186840
88259944
95908618
10513092
72202945
30027999
51311491
33298593
36649313
47756618
16375339
72001976
88404099
93824601
22931251
21890543
30346063
42808154
37254946
34141168
16501343
41519136
87699388
31000236
49185934
71087273
85090974
44078193
44131155
52745425
97600377
57370461
75795274
32961169
71265516
12411504
19316682
34568770
25037705
19178903
29271207
14429436
60916467
17424664
13206011
89905771
38058127
52465616
28433176
56618300
26173487
11537755
67364466
69316284
13563684
13022766
89280555
40173435
78098259
25569429
51318187
84345831
84753741
49649406
77495629
57097743
65888538
73628065
99572620
73091339
21932223
42044062
12539519
18648669
10131438
78189937
42646748
95930291
56896453
53236341
99189652
69942431
52876702
65163063
63578373
69239076
78951491
94040614
52227777
44499704
21353137
88640880
41394323
58671540
73585587
18470973
48752207
84250593
13333055
62826313
67940318
49822166
11023225
28506020
66853475
82713480
73452108
17966828
66614285
99959839
50740695
26609266
66483237
43910344
44761512
18366187
11825614
71076005
65166161
90462796
33038406
20437940
95909698
81118278
51755740
98172154
33128316
19513741
87829265
49264495
66641481
79941728
25091718
95666480
29565441
91247635
57198970
95597775
54065795
34482631
71877675
53221062
49531202
48885976
65133558
58082612
83340930
59034015
40014241
73587202
82959573
20390209
60412089
53312276
63763564
40242391
11858540
10586814
24255704
77330844
89319208
60751570
64704380
49828291
72856235
72107118
94250618
49604397
32088356
67508890
37860903
89039008
21471242
14101654
63576183
98227465
45849368
27297106
69805996
99845692
52039706
17780912
37355313
44185028
27935673
52445103
72098343
26166921
55297871
95155147
71378696
71294000
10913728
51051948
75806814
98780393
38796911
80111412
54442621
16937380
41320902
68200762
68197359
83593060
53929903
50270999
32868564
74007203
51425993
32717100
72803328
42941012
24625150
12754451
36531880
96838144
77050398
78640391
90495776
72902428
97471093
90167224
41140425
37284386
33984578
10963489
57214774
92053195
78151204
67476998
65772103
17909438
51503671
72961416
60787156
90137099
33701586
60035098
18995061
23466774
62261170
83720004
20411919
84303377
13060067
25457519
40790567
69381045
87234527
34950778
38556062
81102021
65535133
98871585
74250014
20713228
47539289
67098891
77488524
66790832
93537548
93455211
95613691
18268441
41824817
30169234
97758627
41927964
49112750
50027208
29172809
79675596
17478425
77057708
41020458
22520054
43202271
56550469
19241702
95285858
96598524
51962108
96700301
48390658
76505736
99625659
66334267
10303829
45357359
39264051
65605009
81748133
90004715
29857777
95291862
15637017
69315409
53361673
13497281
27642686
98634893
78115147
34926949
70184782
70185479
80214200
97316701
81355730
42304158
57319084
44620458
38115039
50106056
66662573
24988404
91730472
90909142
94746689
46206355
67599139
28610805
38875726
51379218
98639541
30860878
73613611
74614991
52372345
51604103
38617038
73275275
67719170
85028398
41647455
49356644
20019409
20052867
18674460
89201987
79655806
88310367
99032490
83307784
87054041
56491026
20647919
10258715
97645308
88971728
63025448
32682257
27473900
76135739
15912898
43091399
31710117
88393252
73264883
70788050
13276714
63112604
64304180
58877866
11336629
50728277
94256409
39926318
70513577
65823083
18487090
66695113
40390007
78606495
76590052
24719827
23163783
13392957
90448678
73340362
49355417
89926388
66529132
27077808
84322601
83864703
55511633
68621587
59994469
37475332
12953051
57669515
36528705
61282887
55513181
48835480
65315295
67598668
61660939
71490004
10133890
91005121
11972529
20919626
96002124
69890339
66751049
75445566
13598177
27698897
53882774
84808636
24661851
44143288
54452085
27630117
59537415
78255071
32748770
42240096
24115747
65394631
66102139
60068566
63835585
22717685
82562394
69745569
19666450
30926161
43799594
46374883
39118458
35998091
78573288
42411663
28987809
99485320
21270372
38181749
78398992
60110001
45405323
75872447
10109407
68073079
54968059
74994161
54846588
57221199
79147905
55878026
58691178
99587101
32971191
95652379
52445119
16308663
27759812
90445684
99760442
77203934
14246072
39209440
93635637
92348602
26522690
77358239
19489246
31526357
77411069
66684512
83234722
24091396
36050572
23436474
93077829
23507740
12132487
51428381
49536349
99919316
14936310
54214195
94818601
54137445
79730573
51743835
87665714
15993392
97577233
55720755
70230716
79226858
64541347
17774660
47052585
97521725
96958576
57688362
55788500
31781169
66705601
57523980
77666959
73088856
35784470
50508751
63509514
66305152
82064689
14074281
77765023
65742391
54921077
99727555
49525332
53320331
85623318
43029880
15759517
76679081
24907804
76476177
51990078
67927627
13488795
34691166
89723285
49426145
67272934
49773955
11732154
78628519
20666977
35955887
31882830
96598106
55541605
38151450
79554772
68260822
88876210
97848467
96141034
58176037
92023626
38787333
33348697
45598606
22188256
40279878
83133100
38298968
66941470
12241329
62358737
97488218
83018165
98716431
16719687
30270034
35308297
21874726
82335983
41777064
44706569
54399577
39467548
85155776
65822663
32689358
46948769
38632825
57052201
14119350
65931166
64871805
13113737
60196152
26679424
78204381
80316490
55555173
35672306
69997988
70219183
89246321
52433302
59768367
32924402
88785239
50662621
31987729
59346832
76396461
62095139
18936436
42920606
53336940
70449156
28409828
49416063
73680136
68265361
12221850
66674480
25457840
16514353
12984946
29164520
66811571
56309514
67830079
10855824
82013747
37555521
40690099
76860778
62384463
66210946
61680286
40498432
20165937
38164274
79046959
37215918
34290395
83407413
92124003
27670076
94959758
86995300
50601785
66759691
49066123
75337152
33230262
33185911
84586741
68714277
89956784
41098257
35717130
71380669
13676900
39498017
32055527
99684390
90930434
86644622
98048568
14354076
20761115
78680735
91337249
59056531
97870353
41796735
71224671
20685055
67996661
23202035
15578554
32778614
88818768
40101222
70316223
94921268
28034226
51834978
75117784
55061654
44403575
89428276
22911968
55109079
90459502
85959303
50132015
69754345
64120678
25231675
85621052
61069350
61513576
18408866
68195738
36181951
82875435
90370524
52662147
79724671
53818211
81067504
87401412
65200739
39839534
31624603
69489064
42472930
24078049
39677301
84215580
99041678
23685167
63023712
41871991
90756511
36565508
74151420
30586609
24203986
80456838
28048777
87895585
79625074
91131133
24758875
42477378
26438401
42026613
30782413
76464367
74394686
14764910
12674986
72433506
26445947
94367118
97727111
69857119
62355381
83508544
24344482
25301371
68996253
49582075
22006658
84675148
68868401
33045048
41082285
22000036
58584709
55612673
46888439
16391693
23124835
39187892
41097830
89781366
49163483
37563607
69888671
11979328
82757965
18814348
88211528
39989429
63501346
67974424
63917637
25555565
95064048
32416253
43624717
23164810
93319748
39575660
61557299
37214283
39307393
64499988
66930926
98809191
84227759
90764811
89091911
10747501
41112709
51066394
87386546
33069916
12726354
49670988
18295718
98489204
67635426
36996639
26842612
33569823
76419973
55632105
72488149
68867838
42624064
74728438
49305627
73374039
19345373
47732574
19896543
61564664
15550133
33702826
28832655
25511283
57758240
34850116
10292060
97624489
21867666
58505912
17464264
55332875
80359121
28747286
82019387
20860015
81800142
52943318
24792723
56338605
25878816
89601247
51219417
51695099
48403973
34117015
25081956
63152586
86079244
19269209
76644665
89434723
33824552
26521975
90268934
69886121
71224394
69641300
12982964
21133511
39822032
75107116
22100292
12424884
37288650
90815467
37958691
80909255
35229445
62276589
62281058
41587078
85008096
65112559
71806830
14122088
22081983
82941770
89362316
48522654
32394882
78389568
87722325
77263303
44292025
74059467
96567674
45511147
12233834
31238069
73885789
42502728
66449645
95643384
12329705
97611149
85648000
71431830
15393908
10976590
31052120
67271620
90470168
51177999
16856233
15391000
91889993
71051829
44494639
51968322
94809398
18280427
15917742
66724895
97760607
30953251
97526647
40640552
68317890
45136372
42321359
17417049
97822742
94700974
43356075
92330967
10968659
65970480
61506749
65411366
29618239
43779797
26318364
48609391
84780746
72410687
21047114
14288234
67892151
61971767
23431684
78321342
37302679
82365224
40026638
18259348
89714351
65317275
24297558
11872850
74279388
28733155
28536696
55133649
72873282
60059414
55308022
11921991
16658953
28037353
30421998
11871121
54729397
22598259
15735060
41007602
93387311
62308315
47091627
14695831
42842124
45092376
33819938
17541034
27657795
62827941
81753157
32882089
99790772
65546671
55384872
54992349
24323382
95200882
72757023
83671820
77228846
35232373
48007646
71923758
73303707
46212140
21840725
86493246
41033662
78364009
42454842
43976298
78507698
24984166
13856492
34669143
54433532
64195888
88178231
94356780
54056187
45903852
19497633
25551533
44179600
52128873
81139401
31307273
20513040
77962215
38043033
20627959
98362205
74491603
61284563
11426140
35841892
33014741
20681077
10189427
61894325
23672040
57235946
66792700
70587409
33739273
59340087
65828056
82417821
39681407
77577196
84905324
94278753
32419968
85972275
41023308
93172242
25738811
36428101
33237176
29344503
37000421
96244953
30607315
65867499
63128898
15324369
82636474
32366503
66659085
67523650
76868232
46427239
30945864
92570853
15361813
32744085
62696988
28644751
98541348
65966230
56503244
55652264
23376991
38147890
55295549
75315690
44191221
23715483
84294568
47020033
88830416
16769747
90990530
67205775
82866927
80227807
44649125
28590503
20515441
73695912
92013411
50357921
84011532
20767117
86211402
24983492
56954902
98303014
79406666
98510275
79154327
46815097
56137712
88352803
58714234
43581273
77332839
48081569
25944953
73969506
26832204
81436002
84184176
33401397
42020537
55713036
39185098
27912463
52688488
54669109
18837503
97971241
41600790
74309715
53338479
49358324
97961408
38733063
71422030
52970234
89542358
19174101
19410733
17135279
27609130
32027465
47520481
69014867
87592330
53010165
50065042
29210336
10252932
55403982
61221888
21199017
65176874
22556161
45036135
87673564
32956326
32192367
27194957
14108209
77849582
30399404
89294639
70785982
20017749
92072123
47864788
74707446
52544242
70327775
14751255
54768331
58454632
10011064
83413261
10978782
27424267
75928238
74221439
62092318
15142139
82687366
63099694
87941804
66942404
22586204
13254426
19444000
16592105
23268271
71835011
21387695
19036086
35571982
52087417
47241899
19416605
36443281
63238352
43130326
54210638
68501884
93514160
61412084
41558173
21508163
61167093
16363809
23231610
94184321
38985034
34537400
85268679
51688311
71911296
52966110
23937687
44014109
73990452
30781965
20452495
62658342
44194212
59792130
14404210
51368231
26514769
19456077
20930232
88321667
95227017
27621763
44993668
59125126
49449404
40716770
51057863
65335614
53238827
59839626
12005327
36774094
83396549
37301675
80706223
48812423
74587555
13529445
74356950
14309933
37889006
59218342
57689999
66863171
42559414
46333828
17040400
93971892
71798630
18773497
28332694
91850654
58843028
84919440
56136178
55723542
41513957
29821594
42610619
74424733
46706044
30447606
70579526
17799956
51062527
89545450
11394687
43703616
82146944
21520436
62954823
64953965
38133703
26568340
43838950
77796590
29658173
53462273
39268625
68456658
30722357
16403058
55861503
64918306
63346869
36329712
31519724
55692388
92366744
21876184
80388895
92295010
65361751
69963411
91131792
13168869
38936698
83248134
13509475
63309155
75055965
71223930
54910399
68852373
77457002
43440076
42109001
36471226
13387471
54978025
53770624
37512075
20001052
55038938
16899331
49656220
82150337
52911768
62479173
16858987
88281474
47757337
47258439
99717571
24786877
77764012
41640914
80235385
71248249
12007784
48825482
50370440
18347579
60981197
73809956
24297083
56571169
46265105
53020946
58443272
35222233
96518277
67289621
99644200
11955521
72618362
64407569
96879747
96855709
86726586
84839451
49355394
55281431
84499620
30554614
23093548
81061239
48062967
49729149
17448130
98393957
89861701
10754556
65057670
26514610
30296850
64415873
84374857
86437039
92325958
34907217
54184251
63293277
40741422
19967948
96703803
87269901
75635353
50765622
70424815
56648950
91686736
20444339
25678274
15471255
66986380
43313728
23636634
28073531
45887298
67161000
65282688
22055814
43702896
63371570
72096667
14346438
70152379
73076794
63401218
52597740
24730613
58334824
38675691
17670526
93386203
76064136
85571662
67241492
37683219
65057094
92430413
11801348
51565444
38310284
47271624
63085229
46147265
49225519
42356844
77893844
84751540
72540817
89100140
21978915
21491469
63688736
94284076
50992158
72945562
35414753
84281485
77483842
75554769
49106636
38922749
72379411
82794707
35668738
60012389
60412039
60215581
63615088
38261535
70290676
98975086
73080340
70920220
76324850
60304257
84854866
25499705
92114605
30514092
17535761
35117115
49299168
25059438
89183034
49777871
86067229
56815501
45724279
61801382
36825158
61178717
74030958
63709158
60450984
64558564
52086529
75897968
54050005
45678131
66800959
75462829
48208239
22905340
78058383
92648207
51983366
42332916
89732446
48052166
99889175
43360498
11530677
44566327
20499182
92810990
55119118
19692562
56261934
71247412
77592031
10701014
31324928
14341198
72364387
88164060
10709012
67672590
45441558
88041574
37498103
87184471
37108348
84280809
59345142
47624580
49092052
50974664
56730300
97485175
81240734
25684091
15453408
69082356
97559422
37627579
19020031
42136961
16531428
43855639
62792206
52071192
24794094
56792218
99381399
54377269
80174810
87976303
45648488
84945119
83708713
19690531
72148135
85450339
43234659
74229800
60662920
99773097
44287084
86888692
91344866
31485037
94620424
69852296
25900453
34246322
76666514
15123750
74206322
85274171
23329817
73117273
48293648
22916683
14267147
53418737
14045035
20923422
80875762
73523372
44954875
61530487
79206627
70740221
50334558
43014647
45353598
58565566
45409708
53211265
68039679
62494312
80037176
28859309
50041941
75340826
40696569
57598110
14955889
24722822
37128309
47372303
21884028
95676828
68703778
91736826
53236894
19230481
68284918
95966078
65081743
80987560
17945883
15457231
43737605
49725639
39687541
93906389
46770696
35366203
75579032
25767332
74324416
62530052
14658973
78294441
20470814
94188866
46900725
85531633
89165264
17492699
62224507
10297633
65054761
13917171
76262695
98255119
55052124
28351126
39898381
52126078
46654821
41642182
49806795
88243900
56114897
50640466
69603765
59508066
55671082
59323156
34289432
46154878
52323572
11303037
56002505
29485489
76051882
74233313
80861142
78455844
38335430
90482578
37308121
36656399
30469460
87374708
30261200
86524641
82905253
63530300
50118898
68528395
12852089
11644406
36046680
75102091
50625812
31145446
67542417
87384882
89266465
39006368
88113638
59355108
62321978
49397138
61410457
90524805
78330946
33241371
14992008
93515326
26247435
56303837
31015285
30246543
58956820
71583880
23108006
74430937
94303746
51481720
69872332
17799728
88486333
35352821
98461853
12277746
48552696
55286027
13406246
17651869
95455091
79574218
21223401
49693562
41441358
28425259
95645347
33538214
85743570
29949123
25258644
96641103
10525073
66688543
64034242
97953611
29039199
70646861
52429318
33250182
91164860
91298116
28128610
10358010
97161166
36195230
73614568
19368417
90878019
97721244
14919821
20241913
75894995
52167347
73392910
34020044
66616641
28176644
90395072
35783603
88977673
66290521
92633573
17563641
39928250
51999014
37715475
68480598
23034563
30836439
24169821
44179139
38275883
65027205
55527259
70826683
30836486
66719686
28873095
94588797
95124005
13135154
87025058
66807354
12477981
72325824
18155201
70683671
19433451
68374184
63939834
35020184
86128494
18351603
19950984
71213921
52848427
94277495
67444643
22888096
84197933
26350876
27045687
62932855
15216993
43024204
82342410
54785968
75547270
29965288
71441865
22706621
48902996
95613935
89448194
46262387
23883699
47042061
73565912
30961644
62111912
38199304
87361467
34434049
65437466
98778835
97090999
99422735
54661184
66458967
14891589
21005371
34974036
91558067
38387589
47441793
18572429
69120592
76350985
83331774
52278973
41152436
27856675
53081670
59797397
96382988
40206870
64814930
74696716
31408758
68934369
11416126
43941988
19409820
97779530
34222672
35403582
83929663
22150897
58124519
59328911
82540857
90633562
48806778
52318007
47129750
29620388
45870754
21925314
29405255
59835955
78762894
46776747
86110996
18735616
72637891
68422034
62041501
39437639
20910398
19736101
57644604
38821473
70884479
49058426
62760652
91710526
79794635
28543200
54002143
81444228
94564932
96740303
70447078
78255314
51894495
84444447
66021003
87861647
36926671
18811748
75945854
20068127
77506688
70894953
41831531
53310452
64868642
30570361
92838204
15514664
68734620
70410752
44974745
76663808
60432205
11907775
52761279
61157552
59028258
48868009
46700269
62083057
18077145
37973711
99157611
62944294
85226354
99871104
46508240
89344619
16064000
11251376
88127583
29438378
22421375
58918713
60805370
38756244
35041968
56613063
76453322
66843348
47548414
80333726
37669595
10302903
69124198
96918616
24406498
66386277
78153991
29135861
51798726
49689672
80057525
90833525
56208428
18332132
40846172
28065203
31830848
81593567
49762203
99389867
96685356
53791315
47821038
69977049
23578423
28731768
51855486
86985573
87322476
62591928
34423862
12825889
42251517
76718743
68436611
60901591
11997060
86680361
94642823
12352391
71188241
42565593
75265593
15671151
60803283
74133714
49830508
70678166
66603648
19104124
41944914
57174390
42392855
18672434
78432057
53834978
86309269
76344073
80704525
23099309
63948342
40403922
55849593
91336696
74924257
53250797
69429706
98592090
68862912
48442850
97037743
84904779
96154263
82841703
55836875
60549910
32504632
16884235
91176173
74266576
16526885
79786863
88391091
53001640
31895326
35036216
20447853
25486105
26042718
97163791
77675320
31208216
42647381
82811662
42203601
61877126
40088935
62957775
38857604
49597481
44152880
67544824
41646627
44539848
89104976
92602111
54981793
88403629
18613972
97118644
71307373
81128585
58876883
64821144
14391384
75289280
22136288
46455973
32859184
92670525
43879156
27436541
27680764
46335821
90568944
50422493
10948849
77182166
39961864
43058489
36969510
25946803
36989684
95113121
14655984
19244507
36185356
52674866
88647841
27156293
23508506
20023829
71608752
13338389
61155242
38690277
15189511
73663532
86975889
59633024
38482086
84447540
90142480
14679046
19171234
77959463
40057548
23002137
20555305
87692309
14815818
25825899
69928348
31224527
87091412
31301606
80120474
47450676
24199480
98603258
20925315
61027727
98045784
50583920
80563876
14245094
29024502
16720626
59592388
88716161
22024778
44126838
35500437
91952672
82402080
99954379
83868956
68755425
15581567
76686078
61280555
42485537
50469046
80801067
39205994
33090134
38382053
56282116
12313913
22758153
51300181
78896084
43862186
37559179
40220792
70456338
57820429
44640149
55275253
28527218
40212286
38806598
79515497
56505311
99319769
20025932
38520506
33632100
71101048
16667145
15787299
39407877
58274452
55718855
33251583
10741619
65112539
17114909
69108280
68791219
31032990
68167823
73534900
21351988
70080484
95551057
95934344
80665576
30309035
28142138
27955520
15210085
36948360
95300347
57329504
82255982
97753910
41524035
91996452
56395443
30886144
24971759
23550461
22640561
16501745
47724302
14287783
81886862
19826918
19580466
94590868
86468432
82349486
87411600
19485541
38599067
29257800
15117075
59792652
57073289
32998939
16689226
19345716
24025459
58672524
55973416
66202692
54581246
43184153
71750764
69800352
74334906
90583800
30812046
13666223
42669290
10289229
87490892
38681646
23648111
39096863
85634259
87706903
17759991
16383249
27948718
41886735
33362140
56651316
63673543
29151630
17390151
88249983
80377814
31678993
65663293
94631665
17923427
13760273
80617879
31503179
36340867
81851757
74572406
68425724
85737521
66299616
28139094
51050406
86522335
11149185
21975983
99782245
63425996
54007175
19068799
38645907
67145995
10718747
93486847
59332459
11883490
71350101
99117596
33568972
69849448
94332396
87538032
71079087
24145603
90324119
69736129
49742710
10386665
52476804
80000506
80525079
48559332
97157570
40615420
16360532
69040845
92857471
65481541
60619363
70995916
91690746
27598682
15630259
65299719
26506602
40243853
40749084
79294689
76193389
50168537
87193124
74377085
14572083
21438651
40395497
48390123
86150449
20199120
98973218
91105314
75453374
49441980
85089487
19244923
93699058
63984181
59724862
73801872
23935269
88308210
65787613
84079828
28690145
71320695
37633244
41931203
13914528
80340218
33576815
75830989
99575117
75935259
27672218
28081615
57964020
32452775
22382956
55801331
81597100
13034480
67714956
35077660
81180444
87133292
79634256
41620534
25608379
46356089
13253531
80479449
10224291
96591193
61168739
26634893
96479296
94003521
94121365
62163903
38447143
94206998
17716102
99676192
15037016
59761407
50222468
47759030
97999527
34749843
25810524
42082118
31959064
53888780
19139608
97245914
61961719
15590792
84198592
46200686
62315044
53291426
99251727
44062918
97375903
43686827
43028881
14507203
79214562
60816202
67401796
32232045
32747399
91717669
42179555
97792325
12487432
44861154
45267717
44280359
26755170
42579068
35795644
30052302
96190066
86853761
88649438
22393263
53579241
99339146
94286071
71261614
63372175
16129278
15208225
11542679
95973985
16327446
36614669
59410010
76894602
56218056
46527081
35372082
38097490
44837738
10109213
39120633
43200229
21880953
34780709
66520216
80525572
52240495
50233824
60206776
65148907
83000822
29800816
12449682
70858223
28992164
87537513
44216993
94788054
37657674
31959633
91906416
16069169
24247821
14180332
15648151
75054502
60006703
85734306
26630577
64542101
34962875
41435441
35688962
42293013
45715773
38671514
75309101
79827159
29248028
90622736
78771804
78471259
90131609
69624776
26360627
79573120
93204310
63099800
31133990
23347791
33776741
86455161
73407089
20828788
60603674
24227573
96620524
59020522
21242361
31542245
41798023
14254567
87714270
85077910
29838770
90787347
27922739
83602489
41690586
41402681
40536587
10864678
79547770
41163029
26065843
17396355
59206028
89474767
98516998
77153842
20314729
92160285
95288376
92135735
33986406
48338612
98671038
18961149
62622121
94232911
58493816
37720730
42635403
18664549
40445502
75726067
39652246
64308001
91604359
89817461
91271709
13202849
60587797
57827174
32218906
12958868
72008857
68865640
94283285
88710927
77690243
53471538
56967511
11013232
48479163
33626259
28546511
47167317
95828549
86349848
69281382
82709581
47644091
46147173
12199443
12530508
18202919
19564067
95290853
11266963
70628583
53788911
16414085
46498523
12232992
70908258
29768785
53264684
11317754
15839126
17412401
85116934
73273318
82443729
53866753
84318756
55342980
68029165
92630188
76858913
17070003
14210241
18294918
21390591
16402616
81259816
85701872
14899387
82900657
58001145
64079199
45180792
75331364
49416371
51896747
84115663
70795771
46610767
23824764
90914825
65582688
15666985
34657717
60571365
28916815
31766252
26387387
58925488
83053214
85789653
84764136
31336942
32378948
76517329
70587927
38345549
29362535
57640997
67174546
50698320
62270948
74893670
91903453
71330146
97443848
96563551
35746567
45385202
67397295
79191628
25339642
59293785
17658222
27502976
53815789
29271350
75224956
85369575
21863189
99538889
39534761
57374045
71881617
87114903
70790469
76791287
89568140
59298690
29151586
77182798
62291007
88543057
50037364
63726548
64650448
59234971
35490331
49471088
38229282
40054098
58185383
39302455
60172153
40705343
85378090
60117712
73380500
46946357
52305905
71007506
73455227
65078939
89668642
67169787
23184115
46147618
38305783
72236886
66587142
51756098
41781603
29884893
71544908
74276622
60808200
66250517
74946339
72298214
39931994
91797541
53381633
33733805
22132235
48396031
71978511
96417435
14345409
91152881
69236593
13001150
21062188
67471246
17183636
53878104
57664724
13782706
36298902
51834502
96674389
55715565
32787487
49180094
25710309
61237864
85592171
80885155
23401251
34927601
65849863
78859257
69585783
28572079
54086903
10168666
50815039
21343741
74768612
52585232
22580847
10715658
87473901
84351763
60825203
26484495
41958549
98675908
77681897
63688796
29462752
33514194
65164464
22578186
47213773
52218170
30790101
33731565
57635503
67292033
48678059
18337554
70311746
31500512
48934300
87375219
93557494
89549363
21300169
84134733
77679127
73935057
25665463
86733631
56826290
73026031
69826100
34720962
28634380
79951802
61161116
70903549
48985548
11759353
98691045
88172794
94425734
41421321
71507301
30985987
42958887
21684224
51341647
84668429
32917749
64846068
32973022
37740374
26093696
82032330
82178838
28019994
57159568
96999200
27629563
18036199
24282008
35638539
62147047
19524085
47822594
28215749
40104729
70330067
37553021
96863450
51778164
55219101
27766828
75534154
55150816
83183834
19293575
49764673
49488806
53523870
54704758
54155081
98141942
68259128
60539842
77038221
27558180
67726323
63200126
39844382
53231264
49260782
96560860
99661891
13843200
30221889
96641503
62013820
60759089
21817142
65397639
50508909
94066979
20846826
13092857
57062836
60116019
13205408
35527399
28014467
15188374
59069917
48087723
55314550
25686005
24174681
89494753
14777665
30477350
28495409
26646159
30695095
43522415
17307955
48688217
21005596
49069196
98476461
41379114
11420104
18895638
13592672
47508982
25877004
99520082
97311142
70022714
70748202
81447532
72322641
70329621
93409831
40539255
97355470
78289841
31627226
36706579
31038464
32684232
29780940
75730030
67807012
94946818
59341294
76267224
36621940
71939962
65619995
18725004
89544184
44933314
44545116
67936905
44887213
45422873
97260418
89800691
40979762
65771640
33822904
71122685
82350391
19097192
63823858
67427471
45537076
43940857
65268440
97450073
65665324
57792217
47405962
65954201
88078090
91154232
80371915
78390124
81966202
28497718
98943247
34417041
41841270
21268038
91926206
60466854
15287468
22844276
99734075
90724901
53981193
83837631
11285850
73770142
54247441
90331704
60863571
29564356
49842973
14345688
14641388
11113857
48553187
85613950
75768667
24528833
58538875
85169336
39924520
10724658
15316934
68020187
34986308
15528145
93149278
36881859
90983323
19495234
90897298
39113348
68297028
54265105
91040443
77580426
94321846
68662822
56410923
39241253
53405192
28516729
21935259
30557722
60132279
67025521
73019568
68699308
31368720
50606046
80642156
88914701
11714560
41369669
73366937
11229857
37228801
60257300
77793091
30284223
56965604
80600020
10847859
66512015
13817432
16017998
52305680
28679032
54341757
43310211
54113293
75892959
33819680
63432494
40410077
23250551
93130519
74159597
86164863
26112652
78640666
42970587
94525738
13448597
42991274
93168412
28845060
72566804
71652443
59151460
48356163
81046140
65033441
35289964
11788514
53361151
53178251
26423448
65681963
99383318
14972764
38840623
98979941
48008599
96766818
70090912
17701595
23458641
23267654
79665018
67466328
22888039
76317184
83607529
77929424
57253519
16945622
50445710
15456621
93142781
46842339
37131685
76077341
33002060
32816607
41507306
19407171
37126249
47454485
66336645
91765610
58701482
82163431
13886984
34602825
10790407
13633847
29936340
81455853
97789303
60640848
45641937
40001965
85850510
96586534
73707690
88711620
21079467
41774395
86551784
81825080
49633078
23427187
67641877
64444957
50789366
38657445
79665776
86437365
48722289
40312960
29866864
30426531
35675402
33594186
61726412
12691697
26538110
80157949
72746359
13674026
99183366
76979012
41239123
85938161
24115207
12832835
48088945
95654559
60508803
55620108
51453796
51925676
27380528
82106884
46065853
77851804
17326558
68996067
93163295
55361727
42946523
70108145
50518825
94003879
10339729
