10004638
10011064
10012674
10033529
10096797
10099446
10109213
10109407
10110426
10124385
10126288
10126595
10131438
10132364
10133890
10136401
10137294
10168666
10188408
10189427
10198849
10200623
10216635
10224291
10234678
10236992
10243058
10247963
10252932
10255069
10258715
10261792
10273711
10276522
10289229
10292060
10297633
10302903
10303829
10303959
10334036
10339729
10342785
10358010
10367015
10369405
10374350
10386665
10438900
10449687
10462379
10473760
10481413
10492888
10499756
10506514
10510277
10513092
10521687
10525073
10541853
10568053
10572824
10585795
10586814
10586822
10591686
10606181
10612597
10630566
10631323
10639225
10681261
10701014
10702608
10709012
10715658
10718080
10718747
10724658
10727736
10737877
10741619
10747501
10754556
10760375
10783173
10790407
10798122
10818460
10836967
10847859
10855824
10862999
10864678
10884568
10886537
10913728
10914186
10929449
10933437
10939651
10948849
10963489
10968659
10976590
10978782
10988011
11000651
11012912
11013232
11023225
11031511
11038699
11047888
11064336
11071012
11080746
11104849
11113857
11115378
11118612
11125800
11126398
11142391
11149185
11177682
11195368
11203010
11229857
11238855
11248920
11251376
11260061
11260671
11266963
11270744
11285521
11285850
11296890
11303037
11317754
11319281
11331317
11336629
11373381
11377425
11378273
11384502
11394687
11404614
11416126
11420104
11426140
11434026
11453762
11465121
11477722
11492015
11505448
11516144
11520840
11524521
11527628
11527926
11528052
11530677
11531575
11537755
11540276
11542679
11545912
11553794
11564176
11575067
11575699
11584334
11591398
11594021
11615594
11624453
11644406
11655167
11675154
11683769
11685113
11693284
11695643
11707649
11714560
11720555
11722138
11732154
11736416
11744080
11754386
11759353
11774256
11777235
11788514
11801348
11818582
11819660
11825614
11827053
11858540
11869904
11871121
11872529
11872850
11883490
11889224
11898240
11907775
11921991
11955521
11966181
11972529
11975002
11976498
11979328
11997060
12005327
12007784
12011852
12034693
12045112
12046098
12055192
12084735
12107354
12131538
12132487
12152354
12155798
12160333
12189962
12199443
12201561
12208866
12221850
12232992
12233834
12241329
12251280
12253503
12257922
12277746
12282481
12313913
12314032
12314338
12321939
12322188
12323797
12325683
12329086
12329705
12344447
12351570
12352391
12376175
12382209
12386819
12411504
12412653
12423444
12424884
12432983
12449682
12449961
12477981
12478171
12487432
12489016
12500796
12504809
12521294
12525164
12530508
12539519
12543884
12553495
12586139
12586211
12594198
12596237
12612755
12615138
12616299
12639304
12674986
12678138
12691697
12695695
12695808
12711854
12716144
12726354
12736498
12750654
12754272
12754451
12793555
12793892
12816352
12817259
12825889
12832835
12852089
12868935
12871513
12876759
12913255
12931005
12936160
12943686
12953051
12955768
12958868
12959803
12981480
12982964
12984946
12992167
13001150
13022766
13026283
13032914
13034480
13060067
13071420
13092857
13100646
13113737
13135154
13140655
13147624
13153575
13153981
13154375
13155162
13158370
13168869
13173016
13175182
13201270
13202849
13204558
13205408
13206011
13223524
13253531
13254426
13255990
13259978
13267792
13268703
13272582
13276714
13287036
13291269
13301050
13304437
13306339
13310596
13316726
13326016
13329969
13333055
13338389
13354460
13356152
13367055
13374546
13376142
13387471
13387519
13389959
13392957
13395298
13400199
13404525
13405332
13406246
13420467
13429014
13436579
13437515
13448597
13460242
13465436
13466419
13488795
13494851
13497281
13501143
13502101
13509475
13525236
13527730
13529445
13535822
13560180
13562358
13562384
13563684
13568787
13590261
13592672
13598177
13607629
13610662
13633847
13643499
13644752
13661894
13666223
13671768
13674026
13676900
13681830
13684210
13690898
13694057
13718288
13738159
13742179
13760273
13780503
13782706
13782707
13791620
13806289
13811389
13817432
13819219
13839405
13843200
13856492
13858329
13859254
13872465
13886984
13914528
13917171
13920440
13925368
13937135
13940098
13940650
13941478
13990519
13997611
14023835
14045035
14074281
14079663
14081430
14101654
14108209
14114653
14119350
14121705
14122088
14125658
14149319
14150391
14158733
14168526
14176659
14180332
14197964
14210241
14212214
14213972
14214919
14219893
14224227
14224713
14225874
14227581
14245094
14246072
14254567
14256633
14257498
14267147
14267484
14287783
14288234
14292059
14294145
14309933
14320402
14321061
14332521
14339066
14339508
14341198
14345409
14345688
14346438
14354076
14358919
14362406
14365386
14386727
14391371
14391384
14402945
14404210
14414074
14414801
14416155
14423028
14429436
14434536
14447549
14455429
14455681
14467083
14468309
14472642
14507203
14512078
14530835
14567003
14572083
14577897
14579009
14584745
14597787
14610155
14617349
14620154
14633331
14639173
14641388
14650492
14655984
14658973
14679046
14682725
14691777
14693359
14695831
14727774
14732675
14744764
14749847
14751255
14751289
14759820
14764910
14777665
14792806
14801486
14809516
14814383
14815818
14823535
14847558
14853886
14854849
14886575
14891589
14899387
14912827
14919821
14933475
14936310
14938840
14955889
14963259
14972764
14978841
14986082
14992008
14998983
15035746
15037016
15039984
15043161
15043649
15057595
15089358
15090212
15117075
15123750
15129146
15139060
15142139
15157038
15188374
15189511
15201429
15205963
15208225
15210085
15212990
15216993
15224479
15233488
15236127
15240237
15250695
15254367
15257297
15271942
15274513
15287468
15292016
15304743
15316934
15324369
15344814
15361813
15363081
15371186
15371921
15384328
15388116
15388912
15391000
15391966
15393908
15399702
15431967
15434654
15440664
15444828
15446840
15453408
15456621
15457231
15458697
15470991
15471255
15476511
15509310
15514664
15527890
15528145
15549088
15550133
15552356
15561797
15578554
15581567
15590792
15600414
15625268
15630259
15634374
15637017
15641278
15643537
15644660
15648151
15660006
15666985
15671151
15682205
15735060
15739037
15753660
15758214
15759517
15787299
15805377
15812936
15818687
15821317
15826995
15829018
15839126
15849950
15864611
15877526
15883391
15912898
15915102
15917742
15937913
15938538
15945941
15958003
15993392
15998458
16017998
16032599
16036547
16043859
16064000
16068933
16069169
16070013
16085998
16090493
16096454
16117338
16129278
16153090
16165012
16191443
16198210
16207540
16209054
16217303
16217555
16220164
16220344
16227450
16258188
16285786
16287119
16305498
16308663
16327446
16328823
16355335
16360532
16363809
16373850
16375339
16383249
16391693
16394678
16401214
16402616
16403058
16408564
16410771
16414085
16420861
16428732
16429513
16432094
16436559
16442497
16447380
16453642
16458642
16467804
16467973
16493176
16500033
16500172
16501343
16501745
16514353
16521233
16526885
16531428
16554786
16555115
16592105
16593865
16603087
16613352
16649106
16658953
16661816
16663391
16667145
16670247
16673267
16689226
16699658
16703558
16709057
16710962
16716712
16719687
16720626
16720804
16731741
16733806
16769747
16775739
16794781
16805167
16818691
16825951
16826948
16837080
16851880
16856233
16858987
16863934
16866543
16877755
16880715
16881607
16882668
16884235
16890778
16895707
16899331
16902420
16908819
16911734
16911965
16926092
16937380
16940503
16945622
16950581
16952917
16953823
16955579
16957472
16971671
17011026
17020302
17022819
17040400
17047168
17070003
17081283
17094590
17100807
17104099
17109109
17114909
17124280
17127745
17135279
17157361
17157667
17164280
17168313
17182956
17183636
17195891
17249979
17267854
17280609
17301828
17307955
17310253
17321418
17326558
17328354
17346118
17352287
17353473
17356122
17368988
17390151
17394914
17396355
17407207
17409737
17412401
17416525
17417049
17421655
17424664
17427174
17429835
17440562
17445986
17448130
17460395
17464264
17466014
17466619
17478425
17479070
17483244
17492699
17502814
17506705
17535761
17536971
17538954
17541034
17563641
17600371
17614079
17615769
17626841
17628372
17636147
17648622
17651869
17658222
17663410
17670280
17670526
17680233
17683860
17701595
17702714
17710359
17716102
17732521
17742513
17759991
17765997
17774660
17780912
17794877
17799728
17799956
17800539
17809107
17826552
17854879
17866860
17869383
17909119
17909438
17923427
17934384
17945883
17956570
17966828
17971731
18028486
18034717
18036199
18043379
18051657
18071540
18077145
18083010
18093157
18096893
18114359
18132036
18155201
18159862
18183390
18188096
18196956
18198155
18202919
18204101
18204634
18223547
18231518
18231995
18245719
18259348
18265846
18268441
18280427
18294918
18295718
18308543
18320042
18332132
18337554
18347579
18351603
18366187
18387300
18388003
18390277
18405501
18408866
18419722
18420596
18464022
18470973
18472338
18477831
18487090
18489988
18499316
18503299
18508376
18510132
18527598
18528869
18534886
18542508
18547514
18558698
18569125
18569338
18569906
18572429
18599320
18606404
18608832
18612853
18613972
18615654
18615719
18629946
18648669
18664549
18666313
18672434
18674460
18682502
18715099
18716131
18717802
18725004
18727564
18735616
18773497
18791468
18797595
18811748
18814348
18816048
18822339
18828264
18828430
18837503
18840323
18856656
18861666
18889274
18892873
18895638
18916569
18923056
18924245
18925658
18936436
18945786
18947243
18961149
18977197
18980186
18989929
18995061
19003279
19018416
19020031
19036086
19041692
19049980
19068799
19068988
19074623
19077147
19083632
19097192
19104124
19116096
19132672
19132852
19139608
19140316
19148276
19159013
19167805
19171234
19174101
19178903
19184542
19219645
19220077
19220998
19221990
19230481
19234926
19241702
19244507
19244869
19244923
19248808
19249804
19269209
19273640
19293575
19316682
19326337
19334925
19345373
19345716
19350111
19360730
19368417
19407171
19409713
19409820
19410733
19416605
19428139
19430920
19433451
19433751
19444000
19453407
19456077
19462485
19465032
19474016
19485370
19485541
19489246
19495234
19497633
19508819
19509469
19513741
19524085
19529096
19549123
19564067
19580466
19586556
19596358
19599898
19617890
19623883
19635372
19644247
19650544
19655719
19656430
19660464
19666450
19681488
19683216
19690531
19692562
19692635
19694058
19705048
19706227
19726903
19735560
19736101
19741062
19744181
19757760
19759892
19777173
19782987
19793269
19794064
19815563
19826918
19846613
19848243
19853331
19856108
19896543
19900626
19901243
19916290
19931764
19950984
19964674
19967948
19969637
19997307
20001052
20012615
20017749
20019409
20023829
20025932
20030842
20052867
20053912
20057846
20068127
20068143
20072422
20082788
20083452
20100874
20103668
20148062
20165937
20186183
20199120
20209921
20216952
20223065
20224949
20236101
20241913
20243977
20262720
20278566
20288787
20314729
20334295
20350090
20360572
20369723
20381319
20387591
20390209
20410145
20411919
20414534
20415675
20420906
20425972
20437940
20444339
20447853
20448843
20452495
20458952
20470814
20470821
20497284
20499182
20507370
20510173
20513040
20515441
20532381
20554843
20555305
20564769
20596780
20598807
20600495
20626304
20627959
20647919
20664629
20666977
20681077
20685055
20691299
20713228
20723648
20725497
20734102
20761073
20761115
20761649
20767117
20778940
20781435
20800161
20820271
20828788
20832290
20842598
20843121
20846826
20854661
20860015
20896348
20910398
20912092
20917737
20919626
20923422
20925315
20930177
20930232
20942305
20946016
20955256
20964372
20965465
20980258
20987360
20988633
20998163
21005371
21005596
21040172
21041619
21047114
21061532
21062188
21063231
21065796
21079467
21089046
21097560
21112846
21115733
21122262
21123674
21125310
21133511
21134737
21141475
21142742
21148158
21150143
21180513
21198166
21199017
21207507
21209661
21210451
21217418
21223401
21242361
21247529
21255052
21259206
21268038
21270372
21280175
21291635
21300169
21320913
21328186
21328423
21343741
21347939
21348497
21349903
21351988
21353137
21377702
21379136
21387695
21390591
21392734
21401988
21412060
21419807
21424545
21438651
21443968
21446016
21448070
21457625
21462897
21471242
21471385
21478162
21488284
21491469
21493930
21501679
21508163
21520436
21530486
21534872
21544832
21545315
21545746
21547314
21556237
21558522
21560849
21586532
21595511
21601071
21626198
21627598
21634608
21651029
21669858
21676587
21684224
21719776
21731765
21740046
21741818
21778931
21804500
21817142
21818239
21834385
21840725
21847783
21861462
21863189
21867666
21874667
21874726
21876184
21880953
21884028
21890543
21891393
21902182
21925314
21932223
21932537
21935259
21948724
21953943
21957939
21972286
21975983
21978915
21987206
21990859
22000036
22006658
22024778
22025380
22027735
22049975
22055814
22064304
22079870
22081983
22091316
22097184
22097609
22100292
22116847
22128643
22130228
22132235
22136288
22145014
22150897
22152560
22161233
22166399
22174685
22188256
22194277
22195323
22208561
22218192
22238617
22259204
22268329
22271562
22286227
22289314
22292343
22292953
22305318
22322429
22354555
22356988
22382956
22393263
22397095
22409872
22411106
22411387
22413543
22419965
22421375
22429514
22430107
22459621
22465444
22467366
22468348
22517950
22520054
22539353
22556161
22570686
22575221
22578186
22580847
22581944
22586204
22595218
22598259
22598310
22612121
22620222
22633245
22634067
22640561
22672375
22704893
22706621
22717685
22718424
22740674
22749448
22758153
22782194
22784645
22784905
22844276
22855797
22888039
22888096
22889581
22897966
22900439
22902042
22905340
22911968
22916683
22931251
22978255
22994474
23002137
23034563
23053493
23092170
23093548
23099309
23100811
23102809
23108006
23116250
23124835
23142919
23163783
23164810
23173285
23182853
23184115
23185589
23202035
23206027
23231610
23233662
23250551
23259092
23267654
23268271
23279452
23287015
23292050
23322409
23329630
23329817
23337574
23346379
23347791
23358299
23366916
23376991
23401251
23404969
23421309
23424033
23427187
23431684
23436474
23458641
23466774
23492402
23498340
23504159
23507740
23508506
23538489
23548046
23550461
23561305
23564362
23575202
23575568
23578423
23583190
23591676
23619347
23635366
23636634
23648111
23652263
23661529
23669671
23672040
23676440
23684564
23685167
23709862
23715483
23716231
23734098
23741786
23748353
23750895
23755872
23763971
23790053
23811480
23818098
23824764
23826065
23826753
23845588
23858639
23883699
23892856
23909945
23920469
23926146
23935269
23937687
23938478
23953148
23978828
23983261
23994010
23994088
23995537
24005077
24006738
24025459
24037784
24053250
24069763
24071810
24078049
24081002
24083827
24091396
24095833
24100937
24111244
24115207
24115747
24125693
24145603
24151687
24169821
24174681
24184530
24197578
24199480
24203986
24209615
24213736
24227573
24231663
24242234
24247409
24247821
24255704
24261264
24280576
24282008
24291534
24294482
24297083
24297558
24322852
24323382
24325672
24344482
24371635
24371658
24379386
24390501
24394865
24403182
24406498
24410584
24410612
24452859
24454945
24468460
24471794
24497950
24501503
24508842
24528833
24536906
24549735
24558161
24562189
24564916
24565595
24575287
24591028
24591463
24592426
24607709
24615741
24625150
24629355
24629729
24636789
24647123
24648352
24661851
24671614
24672901
24682886
24700687
24700690
24715617
24719827
24722822
24730613
24737052
24753246
24758875
24786877
24792723
24794094
24807617
24813618
24842861
24844045
24871841
24888415
24890594
24894116
24902562
24907804
24924325
24960161
24963899
24964839
24971759
24983492
24984166
24984978
24988404
25022760
25029927
25032288
25037705
25038477
25043787
25050443
25053391
25059438
25081886
25081956
25091718
25093994
25094185
25108475
25145780
25153763
25174864
25178990
25192896
25194626
25196042
25207178
25231675
25249505
25257884
25258644
25282127
25283332
25288557
25291847
25294152
25300135
25301371
25321256
25321991
25339642
25344199
25349493
25359132
25363999
25366920
25381610
25408813
25412854
25413103
25415610
25427673
25431010
25440077
25446365
25457519
25457840
25461244
25463473
25468857
25469973
25474838
25476455
25480379
25486105
25494746
25499705
25510992
25511283
25519369
25522015
25525637
25531675
25544096
25551533
25555565
25566354
25569429
25574956
25608379
25613527
25641680
25665463
25677806
25678274
25684091
25686005
25695163
25706372
25710309
25716346
25720825
25723782
25725251
25729519
25735499
25736123
25737216
25738811
25749785
25751523
25767332
25793821
25804366
25810524
25819194
25825899
25841540
25842980
25856145
25866933
25877004
25878816
25890001
25900453
25904741
25908453
25914329
25944953
25946803
25975473
25984533
25992225
26015028
26024948
26040920
26042718
26052720
26065843
26075551
26093696
26099028
26109049
26112652
26116069
26117919
26124533
26136562
26154943
26159305
26160309
26166921
26169340
26173487
26201861
26213167
26244315
26244671
26246847
26247435
26282705
26283588
26290511
26309151
26318364
26321412
26326416
26329694
26334115
26339685
26343556
26350876
26352984
26360627
26373777
26382444
26387387
26395736
26423448
26426047
26438401
26444886
26445947
26477981
26484495
26492478
26499781
26506602
26512015
26514610
26514769
26521680
26521975
26522690
26524023
26537890
26538110
26562391
26568340
26590870
26609266
26625436
26627181
26630577
26634893
26646159
26667715
26673369
26679424
26695228
26755170
26758066
26760059
26770441
26778232
26786015
26797141
26832204
26835507
26842612
26856608
26884357
26912444
26920237
26923526
26926147
26935703
26958946
26960643
26966360
26997551
27013525
27031222
27045687
27077226
27077808
27082635
27084384
27124162
27136739
27142971
27151966
27156293
27167547
27189401
27194957
27201840
27215024
27233735
27250508
27255429
27263588
27282265
27294189
27297106
27297723
27303611
27306536
27320493
27334927
27335117
27340066
27343774
27352633
27365444
27380528
27424267
27433033
27436541
27454245
27456307
27458238
27460437
27473900
27475812
27480000
27482166
27502976
27515806
27516719
27539215
27558180
27575045
27598682
27606482
27609130
27616801
27621763
27624039
27628680
27629563
27630117
27642686
27657795
27670076
27672218
27674590
27680764
27683767
27684794
27696143
27698897
27699773
27713981
27725498
27729257
27757075
27758335
27759812
27761763
27766828
27775633
27791782
27811723
27856675
27900184
27903908
27905080
27912463
27922739
27923222
27925144
27933180
27935673
27948718
27955520
27958785
28012716
28014467
28019994
28023004
28034226
28037353
28048777
28053311
28055806
28058743
28065203
28067164
28073531
28078139
28081615
28083318
28089057
28089453
28100968
28119161
28128610
28132862
28139094
28142138
28148704
28161486
28168298
28168634
28176644
28177638
28196993
28198786
28206977
28215749
28222564
28237413
28239394
28245741
28247056
28277196
28281332
28283409
28288254
28321200
28332694
28336918
28344805
28351126
28395682
28397997
28409828
28417312
28419788
28425259
28433176
28455965
28457806
28463534
28495029
28495409
28497718
28506020
28516729
28527218
28528450
28536696
28538273
28543200
28546511
28570949
28572079
28586620
28590503
28593818
28610805
28614649
28634184
28634380
28640809
28644751
28646513
28646808
28661108
28679032
28690145
28697124
28704724
28723630
28728302
28731716
28731768
28733155
28747286
28751727
28771184
28771454
28776320
28788404
28796257
28821496
28832655
28838279
28838960
28845060
28847651
28847893
28855365
28859309
28868587
28871848
28873095
28898693
28916815
28916980
28924528
28927582
28960531
28973078
28983714
28985647
28987809
28992164
28992743
28993294
28998683
29003532
29013475
29021926
29024502
29034594
29039199
29042391
29048058
29052429
29056173
29058557
29058562
29068860
29099179
29107664
29126564
29135861
29149877
29151586
29151630
29159891
29164520
29166520
29172809
29207169
29210336
29218085
29248028
29257800
29271207
29271350
29311522
29318693
29330622
29333153
29344503
29362535
29378144
29379447
29385699
29405255
29415410
29420564
29421702
29438378
29440068
29462752
29462816
29480820
29485489
29486020
29498851
29514988
29525133
29532372
29542614
29564356
29565441
29571389
29578317
29592221
29596305
29598817
29598865
29618239
29620388
29622075
29622459
29645842
29656618
29658173
29684650
29702461
29739920
29750484
29751195
29768785
29780940
29789914
29800816
29821594
29834775
29838770
29838783
29842218
29845769
29854873
29857777
29866864
29884893
29924458
29925949
29936340
29943119
29949123
29960804
29965288
29973069
29986249
29987549
30003891
30004833
30005470
30018292
30025620
30027999
30042400
30045849
30052302
30062499
30085449
30095825
30103970
30117545
30120041
30121819
30144105
30148923
30166846
30169234
30170722
30174690
30218510
30221889
30246543
30255827
30261200
30270034
30274204
30280265
30284223
30284427
30286028
30296850
30309035
30310527
30324032
30346063
30362492
30365033
30370290
30376123
30376377
30388304
30395350
30399404
30404580
30408146
30421998
30422833
30426531
30447606
30460707
30469460
30477350
30490406
30508665
30514092
30516810
30526003
30536319
30554614
30557722
30570361
30572294
30579168
30579537
30583255
30585360
30586609
30593620
30607315
30631609
30648832
30653457
30665242
30687203
30687329
30695095
30703497
30707288
30722357
30729138
30739204
30748378
30758298
30769470
30781965
30782413
30783448
30783940
30785557
30790101
30799025
30804700
30806649
30812046
30823931
30833956
30836439
30836486
30838400
30846584
30853861
30860878
30865911
30870655
30873387
30878223
30885688
30886144
30889759
30898757
30908864
30912937
30921341
30926161
30945864
30947625
30953251
30961644
30977131
30985987
30994834
30995604
31000236
31015285
31026160
31032990
31038464
31042000
31052120
31068806
31102549
31123318
31123516
31133990
31145446
31152009
31172648
31174057
31185269
31208216
31224527
31238069
31243172
31260566
31277918
31281421
31282312
31285950
31294608
31301606
31307092
31307273
31324928
31336942
31351575
31353055
31359076
31368720
31373486
31374804
31379586
31390483
31398914
31408758
31419777
31428923
31441178
31453789
31478146
31485037
31485682
31500512
31503179
31506567
31519724
31526357
31528805
31537118
31542245
31549530
31554304
31555250
31562315
31563887
31576639
31589364
31609903
31615506
31623385
31624603
31627226
31627636
31668353
31678993
31681393
31689651
31696574
31710117
31719122
31735894
31736258
31739896
31748969
31756140
31756568
31761503
31764205
31766252
31781169
31781568
31783846
31821878
31830848
31842530
31862263
31882830
31882854
31895326
31896868
31905375
31906213
31909438
31937878
31959064
31959633
31965903
31987729
32006595
32006743
32010868
32027465
32037585
32038503
32041123
32041190
32048602
32055527
32068432
32072911
32086729
32088356
32095516
32106330
32166831
32167344
32182336
32192367
32218906
32218915
32224701
32225159
32232045
32255751
32257313
32276194
32286931
32295710
32299767
32310562
32316595
32340635
32342166
32358357
32366503
32368055
32378948
32394882
32408160
32410789
32411185
32414467
32416253
32419968
32427880
32428548
32433307
32452775
32464860
32492586
32504632
32533928
32546902
32551959
32564612
32594994
32599049
32626655
32645907
32654683
32656196
32660531
32667790
32675521
32677580
32682257
32684232
32689358
32701516
32717030
32717100
32722255
32744085
32747399
32748770
32753162
32754351
32759862
32764035
32767511
32778614
32781454
32781936
32784593
32787487
32788993
32795894
32796167
32808314
32814835
32816607
32820264
32820388
32825128
32829004
32831092
32844480
32854767
32859184
32868564
32873510
32881989
32882089
32882519
32887793
32897054
32904704
32917481
32917749
32924402
32938449
32956326
32961169
32971191
32973022
32993636
32996106
32998939
33002060
33004842
33014741
33038406
33045048
33053332
33069916
33090134
33102975
33128316
33130373
33131241
33161533
33185911
33194659
33201890
33205310
33227369
33230262
33231348
33237176
33241371
33250182
33251583
33278927
33298593
33301514
33301941
33307716
33323831
33331189
33339473
33340045
33348697
33362140
33363337
33368502
33381781
33397745
33401397
33401698
33426194
33460299
33463140
33491698
33507149
33514194
33518569
33529851
33532249
33538214
33547440
33552711
33568972
33569823
33570582
33576815
33577353
33581426
33594186
33601362
33610067
33626259
33629273
33631715
33632100
33634460
33675594
33675825
33694025
33697786
33697921
33701586
33702826
33708166
33712343
33728138
33731565
33733805
33739273
33748597
33754328
33758642
33776741
33796506
33819680
33819938
33822904
33824552
33829414
33834965
33867510
33877543
33902795
33906132
33930712
33944306
33959796
33961649
33969919
33984578
33986406
34003094
34004160
34007399
34019860
34020044
34025510
34027822
34040400
34060168
34081865
34082968
34087797
34087978
34112786
34115013
34117015
34130297
34141168
34153637
34160272
34184749
34199360
34222672
34228166
34235717
34246322
34289432
34290395
34301790
34301838
34324913
34356822
34357817
34373145
34378793
34390844
34393062
34395369
34399372
34412525
34413446
34414405
34417041
34423862
34430382
34433163
34434049
34435932
34442128
34456766
34478285
34482631
34483396
34483556
34483581
34486160
34495874
34497993
34499297
34513661
34529694
34530698
34537400
34537409
34564806
34564879
34568770
34591724
34602825
34604836
34629862
34637287
34641077
34657012
34657717
34669143
34669618
34672144
34684571
34691166
34697029
34720962
34726392
34726674
34729267
34749843
34751134
34756087
34766204
34771827
34774339
34779719
34780255
34780709
34785252
34788445
34796187
34798430
34817501
34826242
34831325
34833256
34850116
34856638
34866006
34870660
34870751
34886305
34886317
34903827
34907217
34926949
34927601
34946848
34950778
34957045
34962875
34974036
34986308
35020184
35025428
35026391
35034582
35036216
35039072
35041968
35077660
35117115
35117621
35139242
35162454
35174208
35200760
35201514
35215016
35216230
35216704
35219813
35220445
35222233
35222349
35229445
35232373
35234659
35241808
35284107
35285412
35289964
35308297
35324695
35334790
35344806
35352821
35357905
35361240
35365746
35366203
35372082
35385001
35395211
35398118
35403582
35403724
35414753
35415019
35448815
35449322
35458598
35470139
35481585
35485821
35490331
35500437
35503583
35514987
35527399
35546600
35564941
35566046
35571982
35575836
35622641
35634531
35638539
35644463
35661114
35665566
35668317
35668738
35672306
35675402
35683470
35688962
35717130
35720487
35726464
35746567
35753680
35760213
35772436
35781231
35783090
35783603
35784470
35795644
35808340
35835245
35841892
35862107
35874321
35894608
35915274
35936535
35938202
35945916
35948241
35954101
35955887
35964714
35978625
35998091
36005926
36033420
36035770
36046680
36050484
36050572
36080880
36089470
36095547
36102612
36105474
36133852
36136061
36145474
36148670
36162413
36179879
36181951
36185356
36194828
36195230
36199351
36204802
36212851
36233400
36237015
36238618
36240150
36259351
36265232
36272969
36279941
36284759
36287915
36298902
36302611
36306151
36329453
36329712
36340867
36342108
36370725
36388559
36407039
36428101
36443281
36449604
36459071
36469310
36471226
36514942
36516331
36528705
36531880
36565508
36574612
36614669
36621940
36633635
36649313
36656399
36659705
36664738
36665180
36669763
36683658
36706579
36720738
36728380
36732559
36744457
36749237
36750903
36774094
36781657
36784806
36789766
36799333
36822351
36825158
36841410
36843280
36850127
36881859
36902798
36906920
36910604
36911302
36913319
36926671
36929326
36948360
36967550
36969510
36989684
36996639
37000421
37006856
37008994
37022727
37033456
37045493
37046414
37048475
37052075
37055147
37069583
37070171
37089446
37091038
37092780
37106067
37108348
37109709
37113294
37116454
37118345
37122705
37126249
37128126
37128309
37131685
37154461
37168220
37174952
37180932
37192118
37196018
37206772
37214283
37215918
37221716
37228801
37234874
37239118
37247408
37254041
37254946
37255386
37268706
37277889
37283793
37284386
37288650
37299207
37301675
37302679
37308121
37312661
37318645
37319519
37349899
37355313
37361614
37366780
37367074
37371956
37375239
37399531
37429919
37431852
37432016
37437398
37470026
37475332
37481783
37487936
37489630
37498103
37508617
37512075
37548268
37551100
37553021
37555521
37555732
37559179
37563607
37577457
37580608
37609677
37621112
37624423
37627579
37630707
37633244
37657674
37658492
37669595
37681447
37683219
37696120
37698868
37715475
37720730
37720813
37737643
37740374
37751313
37791400
37796201
37796369
37797767
37809079
37818666
37847291
37857320
37860903
37881329
37889006
37899328
37910667
37958691
37973711
37985260
37996091
38002930
38043033
38047270
38058127
38061736
38066894
38087750
38095003
38097490
38097738
38106600
38106656
38108008
38115039
38120962
38133703
38147890
38150877
38151450
38154493
38160326
38160701
38162839
38164274
38174637
38181749
38183207
38199304
38229282
38251820
38261535
38269623
38271474
38275883
38283360
38291538
38298968
38304163
38305783
38310284
38312109
38335430
38345514
38345549
38347510
38351712
38355069
38357290
38367047
38382053
38387589
38393870
38395526
38405676
38420836
38436763
38447143
38449670
38450204
38482086
38501146
38519805
38520506
38528763
38531008
38556062
38568601
38582848
38598977
38599067
38614931
38617038
38624075
38628855
38632825
38645907
38655389
38657445
38671514
38675691
38678000
38680701
38681646
38685702
38690277
38696390
38704113
38733063
38734090
38740117
38742881
38753794
38756244
38777660
38787333
38794180
38796911
38797098
38801209
38806598
38821473
38822819
38823093
38832389
38840623
38842669
38845408
38851562
38857604
38864203
38875726
38879230
38882892
38906508
38922749
38936698
38937906
38949773
38974832
38979045
38985034
38994060
39006368
39030832
39040519
39040520
39047165
39079007
39096863
39108419
39110774
39113348
39116411
39117292
39118458
39118982
39120633
39141332
39160463
39162337
39171590
39172448
39177092
39179814
39185098
39187892
39194080
39199422
39205994
39209278
39209440
39210472
39212094
39227535
39241253
39248831
39250185
39264051
39268625
39270438
39293926
39301107
39302455
39307393
39311782
39315917
39318495
39321655
39331054
39376090
39387852
39398878
39407877
39411616
39434676
39437639
39467548
39498017
39504105
39507608
39534761
39536002
39537944
39543838
39552182
39553117
39575660
39577115
39582255
39588730
39597711
39600603
39614590
39617288
39620249
39620341
39631857
39646770
39649211
39652246
39677301
39679605
39681407
39687541
39690556
39693327
39700630
39711931
39715266
39758201
39789319
39814289
39822032
39823510
39824146
39830463
39836451
39839534
39844382
39844965
39864980
39865841
39872434
39880016
39892904
39898381
39903024
39904782
39924520
39926113
39926318
39928250
39931994
39936894
39955061
39961864
39970853
39989429
40001965
40004730
40014241
40026638
40041893
40049763
40054098
40057548
40058003
40088935
40088972
40101222
40101929
40104729
40123042
40173435
40181631
40181881
40190364
40195545
40196076
40206870
40212286
40216297
40216329
40218263
40220792
40222471
40233022
40242391
40243853
40265381
40268036
40270181
40279878
40280340
40284669
40285247
40312960
40315397
40319360
40323761
40390007
40395497
40395870
40399545
40403922
40410077
40431508
40431883
40444860
40445502
40462558
40465518
40485996
40498432
40499795
40514400
40518072
40519326
40521983
40522234
40526303
40533583
40534448
40535254
40536587
40539255
40553667
40556221
40558529
40566140
40569044
40577499
40578925
40596954
40598075
40599235
40601384
40615420
40631668
40640552
40640931
40647641
40656043
40690099
40696569
40698936
40705343
40716770
40719629
40721065
40726807
40731164
40741422
40743373
40749084
40751349
40761243
40777274
40782167
40785589
40790567
40832172
40846172
40891762
40895149
40895614
40910045
40930793
40962409
40969108
40970977
40972732
40979762
41001304
41007602
41020458
41023308
41031919
41032323
41033662
41037445
41047584
41063876
41082285
41097830
41098257
41107175
41112709
41114331
41122764
41127181
41138492
41140425
41152436
41156399
41156933
41163029
41168635
41176304
41178103
41189192
41225214
41237874
41239123
41241936
41245987
41253474
41257171
41265580
41274068
41320902
41324561
41325663
41338790
41349667
41365523
41369669
41379114
41394323
41402681
41420677
41421321
41435102
41435441
41441358
41453299
41455795
41464154
41481940
41491428
41507306
41513957
41519136
41524035
41537326
41548418
41558173
41561372
41583332
41587078
41594332
41598687
41600790
41620534
41625971
41640338
41640914
41642182
41646627
41647455
41665210
41682021
41690586
41694975
41709422
41730640
41739164
41742060
41759198
41765079
41774395
41777064
41781603
41796735
41797948
41798023
41818892
41824817
41831531
41831864
41841270
41846044
41859152
41871008
41871991
41878609
41882624
41884463
41886735
41895470
41909697
41912795
41918010
41927964
41931203
41944914
41958549
41977578
41988104
42009259
42020537
42025663
42026613
42044062
42063085
42064225
42082118
42105997
42109001
42113328
42114339
42121346
42121387
42136961
42177553
42179555
42195047
42198332
42203601
42206330
42217671
42224907
42240096
42240666
42245861
42246754
42246807
42251517
42257421
42266462
42267023
42271950
42282288
42284309
42293013
42294957
42304158
42321359
42329632
42332916
42346820
42355273
42356844
42392855
42408971
42411663
42417160
42420282
42454842
42460864
42469145
42470389
42472930
42474101
42474233
42477378
42477515
42479664
42485537
42502728
42526334
42559011
42559414
42565593
42567867
42579068
42596656
42599685
42604499
42610619
42624064
42633290
42635403
42642534
42646748
42647381
42669290
42687417
42694402
42697806
42781227
42807987
42808154
42810622
42814497
42815418
42835612
42842124
42850535
42861209
42870937
42878901
42897652
42903798
42912115
42920606
42921079
42929427
42933335
42941012
42946523
42952351
42958887
42970587
42975765
42980911
42991274
43013944
43014647
43018642
43024204
43028881
43029880
43043030
43051476
43058489
43065131
43072435
43073015
43077411
43079880
43091399
43093604
43097391
43106442
43130326
43152291
43167280
43174003
43174364
43184153
43184926
43190651
43200229
43202271
43208590
43222812
43234659
43297151
43298297
43302614
43308114
43310211
43313728
43330902
43356075
43360498
43360987
43390872
43393805
43433360
43440076
43440488
43442933
43445025
43446417
43473124
43501197
43519852
43522415
43525862
43533242
43549959
43554211
43554556
43555587
43567511
43574626
43575316
43579944
43581273
43591753
43615130
43618823
43622275
43624717
43653104
43665290
43683291
43686827
43692676
43696107
43697253
43702896
43703616
43705256
43718781
43719370
43719743
43737605
43739878
43766392
43779797
43787425
43799594
43806008
43836862
43838950
43855639
43862186
43879156
43910344
43929768
43940857
43941988
43953581
43955801
43972503
43976298
44000212
44002230
44003823
44014109
44015203
44016797
44026176
44044444
44062918
44078193
44109915
44117820
44126838
44128363
44131155
44143288
44152880
44179139
44179600
44185028
44191221
44194212
44212811
44216993
44220741
44258441
44264024
44280359
44280798
44287084
44292025
44303727
44334665
44357754
44363729
44395842
44403575
44411422
44413407
44429047
44460730
44462682
44463373
44480004
44485504
44487481
44493315
44494639
44496522
44498004
44498523
44499704
44509042
44514124
44536011
44539848
44542958
44545116
44566327
44601449
44607454
44610993
44620458
44640149
44640905
44649125
44673300
44675046
44685016
44693760
44695913
44704979
44705223
44706569
44742108
44761512
44768206
44775589
44837738
44838394
44861154
44871783
44878587
44878838
44884891
44884959
44887213
44895127
44916210
44921966
44924163
44933314
44954875
44961908
44962716
44967106
44974745
44987951
44992985
44993668
45016801
45020867
45027296
45036135
45041789
45092376
45095930
45100511
45136372
45139270
45145262
45180792
45234654
45243293
45248254
45260665
45265252
45267265
45267717
45277286
45278829
45287373
45294640
45295412
45306186
45306864
45317229
45348204
45353598
45357014
45357359
45385202
45388248
45405323
45409708
45414387
45422873
45425072
45426393
45429020
45441558
45461723
45479863
45481431
45483280
45487808
45490131
45511147
45512445
45524739
45530960
45534966
45537076
45542625
45568783
45595521
45598606
45602714
45608694
45637727
45641937
45648488
45671739
45672583
45678131
45679524
45695668
45715773
45724279
45731073
45734176
45737089
45849368
45850235
45870754
45879710
45879904
45887298
45898474
45903852
45909530
45933947
45934121
45998629
46004165
46010981
46028780
46041366
46051825
46054669
46065853
46068665
46080949
46091802
46103826
46113411
46116990
46121610
46133030
46147173
46147265
46147618
46153538
46154878
46175667
46181927
46200686
46206355
46212140
46225368
46234116
46239528
46241274
46262387
46265105
46326339
46333828
46335821
46340296
46350525
46355589
46356089
46374883
46387864
46394146
46396444
46427239
46447477
46455341
46455973
46483322
46493984
46498523
46508240
46512966
46518132
46527081
46538409
46549039
46610767
46615831
46654259
46654821
46676413
46694066
46700269
46706044
46711590
46717000
46720292
46733799
46764591
46770696
46776747
46780126
46781481
46787385
46789098
46795291
46802081
46802730
46808895
46815097
46825335
46842339
46845412
46871658
46883054
46886730
46888439
46900725
46930696
46940393
46941659
46945060
46946357
46947479
46948769
46956201
46992684
46993638
47001408
47020033
47024381
47042061
47042817
47048688
47052585
47058618
47060039
47079117
47082091
47091627
47103753
47105924
47107672
47116662
47120259
47129750
47144208
47167317
47181132
47203307
47213773
47221559
47238067
47241899
47242582
47254605
47257528
47258439
47259818
47271624
47288905
47292908
47297460
47353639
47359618
47372303
47394469
47401690
47405962
47410819
47427557
47431991
47434505
47434826
47438117
47439727
47441793
47450416
47450676
47451392
47454485
47464738
47471300
47480544
47492703
47508982
47515955
47520481
47521585
47539289
47548414
47555439
47558155
47582235
47584448
47584693
47593089
47614752
47616528
47621452
47624580
47639915
47640345
47644091
47651846
47660963
47673803
47689812
47706020
47724302
47731560
47732574
47737357
47749653
47756618
47757337
47759030
47785341
47795231
47818759
47821038
47822594
47853199
47864788
47906441
47919006
47924185
47938734
47950684
47955046
47955476
47972564
47978501
48007646
48008599
48028963
48036332
48051289
48052166
48052879
48062967
48063744
48064040
48069976
48070533
48075686
48081569
48087723
48088945
48093025
48118715
48147036
48162996
48169667
48176736
48202853
48208239
48243406
48244200
48255072
48271292
48278937
48293648
48304463
48310654
48312755
48322789
48338612
48356163
48384957
48390123
48390658
48396031
48397171
48403973
48419039
48419251
48420425
48442850
48444596
48445541
48455120
48479163
48489994
48494430
48498480
48501019
48501462
48516477
48518819
48522654
48527324
48535936
48546003
48546389
48550778
48552696
48553187
48559332
48585900
48599682
48609391
48613824
48632257
48636830
48645314
48650245
48670246
48677580
48678059
48688217
48690697
48707240
48709677
48710834
48712961
48722289
48722380
48748336
48752207
48756611
48763215
48795027
48806778
48812423
48825482
48827791
48835480
48835659
48850867
48868009
48873836
48885976
48888005
48898839
48902996
48917768
48934300
48937713
48978546
48985548
48997650
48999511
49008282
49008791
49035026
49041920
49044285
49058426
49059648
49066123
49069196
49084236
49092052
49097260
49104068
49106636
49108931
49112750
49153234
49163483
49166885
49169382
49169677
49180094
49185934
49204284
49214189
49217955
49219820
49223036
49224595
49225519
49253324
49260782
49264495
49271665
49272508
49277329
49299168
49305627
49316126
49322410
49326116
49355394
49355417
49356644
49356877
49358324
49364507
49370230
49373249
49397138
49412329
49414876
49416063
49416371
49426145
49441980
49449404
49460538
49471088
49471575
49488457
49488806
49501547
49502350
49506786
49525332
49531202
49535040
49536349
49540063
49544938
49552911
49555237
49559540
49579013
49582075
49589728
49597481
49604397
49633078
49647432
49649406
49656220
49669949
49670988
49689672
49693562
49697319
49723799
49725639
49729149
49741717
49742710
49751585
49759933
49762203
49764673
49773955
49777871
49806560
49806795
49808871
49812688
49816445
49817760
49822166
49828291
49830508
49840491
49842973
49862161
49865415
49894812
49897647
49907199
49910515
49915952
49929888
49944408
49968706
49979693
49991429
50023262
50027208
50037364
50041941
50045575
50047081
50065042
50080204
50080533
50091981
50101242
50106056
50110913
50118898
50132015
50132110
50132247
50133227
50138476
50143329
50149023
50168537
50184081
50184313
50213495
50218736
50222468
50230721
50233824
50258645
50268806
50270999
50293299
50304017
50306952
50334558
50357921
50369229
50370440
50406165
50422493
50445710
50455778
50469046
50475395
50480307
50488357
50504784
50508751
50508909
50514346
50516592
50518825
50519946
50525014
50526441
50535409
50556957
50567343
50582712
50583920
50599268
50601785
50606046
50613483
50615871
50620782
50625812
50628524
50633900
50640466
50657884
50662621
50664819
50678108
50679405
50683274
50693787
50694854
50698320
50705707
50709208
50709926
50728277
50740695
50746698
50762053
50764055
50765622
50765866
50770638
50773891
50774024
50789366
50802178
50802195
50803403
50807330
50815039
50817247
50819131
50825837
50835175
50842081
50854317
50861745
50862931
50868004
50879001
50911992
50936425
50947427
50974664
50985630
50992158
51008725
51050406
51051948
51055432
51057863
51058627
51062527
51066394
51081014
51086448
51092412
51094120
51100284
51106541
51111463
51152551
51161165
51177494
51177999
51219051
51219417
51224946
51245432
51250651
51267942
51268392
51290586
51290713
51294703
51300181
51311491
51312593
51316873
51317405
51318187
51320817
51325447
51329941
51332478
51341647
51344316
51350384
51368231
51379218
51387661
51408870
51411066
51425993
51428381
51437436
51453796
51466721
51468191
51474619
51481720
51498534
51503671
51509267
51525466
51530743
51534104
51565444
51569391
51575786
51582421
51602882
51604103
51605020
51625555
51636644
51642145
51653646
51654804
51660420
51663932
51688311
51690105
51695099
51702481
51723558
51724948
51735766
51743835
51755740
51756098
51765818
51778164
51780263
51791437
51794268
51798726
51810401
51811004
51834502
51834978
51840880
51842798
51855486
51894495
51894685
51896747
51903443
51925676
51939527
51949184
51956714
51959249
51962108
51968322
51978591
51983366
51990078
51991047
51999014
52005887
52038654
52039706
52052067
52059199
52071192
52077198
52081582
52086529
52087417
52107444
52111047
52126078
52128873
52166241
52167347
52174385
52206656
52218170
52219177
52227777
52240495
52245836
52247466
52252359
52256839
52257341
52268863
52278973
52284930
52290795
52304743
52305680
52305905
52318007
52322611
52323572
52342482
52347654
52363494
52370025
52371023
52372345
52404937
52421465
52429318
52430168
52433302
52435544
52436718
52445103
52445119
52445208
52456496
52461058
52461829
52465193
52465616
52475600
52476804
52487459
52491598
52532682
52543632
52544242
52548131
52557725
52558303
52562874
52565177
52570557
52573393
52585232
52592650
52597740
52601601
52607102
52614313
52617701
52633411
52635953
52649940
52662147
52663345
52674866
52688488
52690117
52716526
52725450
52745425
52753514
52761279
52782732
52789444
52796871
52806755
52832915
52840706
52848427
52850669
52852789
52876702
52889726
52911493
52911768
52918334
52935835
52939869
52940512
52943318
52952175
52954797
52957203
52966110
52970234
52978660
52990487
53001640
53003588
53005600
53010165
53017745
53020946
53041813
53053347
53081670
53108248
53118296
53123409
53152376
53152961
53160448
53162259
53178251
53186137
53193405
53197980
53206227
53211265
53221062
53225742
53231264
53232050
53236341
53236894
53238827
53240981
53245312
53250797
53264684
53282516
53291426
53304724
53310452
53312276
53320331
53336940
53338479
53344990
53361151
53361673
53374192
53381633
53386463
53389439
53390986
53405192
53418737
53462273
53469908
53471538
53475516
53480116
53489387
53494730
53508640
53508724
53523870
53539877
53539988
53542596
53547399
53579241
53608588
53616392
53624093
53627529
53633674
53633924
53657138
53657870
53697323
53698209
53745448
53751937
53766798
53768445
53770489
53770624
53788346
53788911
53791315
53805402
53815789
53818211
53820876
53834978
53838752
53854430
53855361
53856267
53862078
53866753
53878104
53882774
53888780
53902970
53905839
53929903
53932287
53935331
53938184
53940335
53949207
53960044
53967726
53981193
53982450
53995279
53996781
54002143
54004233
54007175
54010427
54022727
54025392
54033706
54040728
54050005
54056187
54064053
54065795
54076621
54079298
54082568
54086903
54087169
54113293
54137445
54155081
54160407
54175089
54184251
54194346
54202855
54210638
54214195
54245010
54247441
54262515
54265105
54279957
54283347
54286642
54288356
54295572
54309467
54316234
54329531
54334647
54338410
54341328
54341757
54359832
54364479
54377269
54385586
54399577
54400924
54410445
54433532
54440456
54442621
54447750
54452085
54468217
54470202
54486918
54564434
54573677
54581246
54590381
54595908
54596862
54598109
54614162
54633310
54635614
54637553
54648062
54651308
54661184
54669109
54680631
54682572
54704758
54719644
54729397
54745488
54756586
54762566
54768331
54781403
54785968
54795629
54823182
54824271
54846588
54850462
54884309
54907029
54910399
54921077
54930329
54959445
54959976
54962326
54968059
54976483
54978025
54981793
54987983
54991457
54992349
54999246
55004052
55011839
55012902
55020517
55022855
55038938
55052124
55061654
55109079
55119118
55123910
55133649
55150816
55172911
55177233
55186702
55186840
55200195
55211194
55219101
55238273
55250880
55275253
55281431
55286027
55289459
55295549
55297871
55308022
55314550
55332875
55336396
55342980
55354981
55361727
55372084
55384872
55390068
55403982
55409796
55421233
55437566
55443618
55459737
55460745
55469905
55475784
55481985
55486875
55489496
55491837
55508612
55511633
55513181
55527259
55528251
55534150
55538612
55541605
55545427
55555173
55557706
55582370
55597665
55612673
55620108
55632105
55634117
55638143
55652264
55667735
55671082
55681823
55692388
55700069
55713036
55715565
55718855
55720755
55723542
55734104
55737367
55741920
55753225
55754222
55761402
55761627
55770132
55780421
55780927
55788500
55801331
55829094
55836875
55840350
55849593
55861503
55878026
55903995
55919261
55931588
55959536
55964237
55971139
55973416
55975744
55981710
55982870
55983415
55987889
55992040
56002505
56003531
56030841
56033442
56049375
56057197
56058777
56103592
56106819
56108340
56114897
56129356
56136178
56137712
56138455
56155538
56167652
56171603
56172730
56175701
56179214
56189458
56208428
56218056
56219017
56219090
56260395
56261934
56263787
56278946
56282116
56289964
56291045
56291255
56303837
56308717
56309514
56315174
56324173
56338605
56343271
56358750
56377261
56383864
56395443
56399111
56410923
56417797
56428533
56432197
56443414
56453427
56457178
56469577
56491026
56503244
56505311
56511662
56539379
56542384
56546954
56550469
56550985
56571169
56583889
56603534
56613063
56614812
56616903
56618300
56624619
56627380
56630676
56639316
56648950
56650631
56651316
56669457
56670981
56680226
56690517
56698623
56706008
56727017
56728414
56730300
56731512
56734204
56785878
56787473
56792218
56815501
56823428
56826290
56829322
56843372
56844585
56848469
56850497
56855982
56868678
56872401
56873897
56877161
56883887
56896453
56901586
56916928
56917833
56918246
56928700
56934833
56938093
56954902
56957191
56965604
56967511
56971023
56974935
56980292
56984056
56991723
56992439
56994371
57023166
57028489
57032492
57035683
57037864
57052201
57060441
57062836
57071917
57073289
57078187
57097743
57112718
57123955
57159568
57160691
57170117
57174390
57194531
57198336
57198970
57199773
57214774
57217315
57217636
57221199
57235946
57250608
57253519
57259636
57281429
57285405
57289222
57299319
57314968
57319084
57328633
57329504
57331913
57350447
57355927
57366308
57370461
57374045
57374904
57402910
57405788
57408986
57419500
57421405
57424648
57434652
57461961
57471223
57478462
57487401
57503491
57504761
57513202
57523980
57542399
57550382
57559258
57563218
57585204
57595777
57597142
57598110
57635503
57640997
57644604
57661493
57662468
57664724
57669515
57676064
57682998
57684364
57688362
57689999
57703141
57717092
57722115
57726233
57736188
57756081
57756260
57758240
57758695
57768846
57769917
57792217
57813535
57820429
57824664
57827174
57841251
57846494
57847140
57857645
57864294
57872481
57883069
57893716
57901852
57949659
57960410
57964020
57979140
57987567
58001145
58008120
58011208
58025266
58027378
58028985
58031941
58070071
58082612
58096624
58124519
58152913
58176037
58185383
58189266
58204483
58230160
58242200
58242346
58257727
58262503
58272594
58273924
58274452
58288254
58291273
58291566
58298283
58324384
58334824
58381072
58412566
58412639
58422166
58422284
58432851
58443272
58446252
58454632
58460175
58463652
58471869
58474369
58479881
58485020
58493816
58505912
58507132
58515487
58517365
58522455
58538875
58552903
58565566
58565588
58584709
58596730
58600429
58618573
58630782
58635347
58638400
58641732
58643783
58646868
58654552
58657924
58671540
58672524
58691178
58701482
58707791
58714234
58730061
58732713
58748159
58753878
58762444
58772600
58772751
58793317
58802252
58806881
58837095
58838624
58843028
58876883
58877866
58881560
58895516
58918713
58918987
58924073
58925488
58926892
58937059
58943894
58956820
58970530
58982188
58990710
59011108
59020522
59028258
59033118
59034015
59048280
59054675
59056531
59057535
59069917
59071102
59088262
59103986
59109532
59125126
59132736
59147706
59151460
59154212
59206028
59216431
59218342
59234138
59234971
59241183
59248231
59253438
59257641
59259303
59259323
59286687
59293785
59298690
59311028
59323156
59328911
59330394
59332459
59339231
59340087
59341294
59341661
59345142
59346832
59355108
59365733
59373838
59377088
59397655
59406593
59410010
59412161
59460684
59508066
59516893
59533023
59537415
59554002
59574766
59582706
59585440
59592388
59604879
59606988
59633024
59635123
59637068
59687995
59698926
59724218
59724862
59737767
59739939
59761407
59765285
59768367
59792130
59792652
59796848
59797397
59813001
59824959
59835955
59839626
59842198
59860479
59862612
59862962
59868426
59890759
59891939
59920472
59960683
59973661
59994469
60006703
60012389
60032076
60035098
60055333
60056009
60059414
60065486
60068566
60069207
60069437
60071038
60094659
60110001
60116019
60117712
60132279
60148893
60172153
60190259
60196152
60206776
60215581
60223166
60231412
60240328
60253310
60254930
60257300
60258079
60272432
60280503
60286926
60287492
60297883
60304257
60321313
60325961
60333491
60364695
60373045
60387400
60403607
60412039
60412089
60417847
60417860
60428534
60430243
60432205
60448250
60450984
60460959
60466854
60467968
60470985
60474993
60482795
60506319
60508803
60526861
60539842
60543103
60549858
60549910
60553475
60567595
60571365
60576133
60587797
60602168
60603674
60613380
60619363
60633179
60639494
60640848
60641380
60662920
60663554
60672123
60683099
60703316
60704419
60705020
60739395
60742409
60751514
60751570
60759089
60759673
60773968
60787156
60791646
60803283
60805370
60808200
60811814
60816202
60825203
60839563
60843771
60844050
60858285
60863571
60881032
60900749
60901591
60909438
60911491
60916467
60942716
60953611
60963300
60968691
60978206
60981197
60986541
60995616
61001557
61002391
61016053
61019475
61026925
61027727
61060922
61065507
61069350
61074731
61076754
61108482
61112456
61128447
61133818
61136980
61137143
61155242
61157552
61160901
61161116
61167093
61168739
61178717
61183625
61189853
61212644
61220087
61220840
61221888
61225765
61237864
61251535
61268190
61269166
61280555
61282887
61284563
61305197
61310455
61320662
61320719
61397117
61403513
61410457
61412084
61413165
61440679
61462281
61467071
61482046
61506749
61513576
61520198
61530487
61532092
61540622
61543191
61543198
61557299
61564664
61575520
61629451
61629963
61630782
61643199
61658517
61660939
61665506
61673556
61680286
61686913
61710988
61725124
61726412
61727538
61728594
61793062
61801382
61841768
61851165
61860815
61872529
61877126
61894325
61899778
61903417
61912370
61927046
61928233
61942113
61943094
61961719
61971767
61980887
61986775
61996191
62006535
62013820
62014970
62020482
62029601
62031589
62041501
62062827
62080364
62083057
62092318
62095139
62111912
62112931
62114169
62119714
62125707
62135212
62142306
62147047
62147501
62147793
62150592
62163903
62203418
62210973
62217833
62221871
62224507
62227392
62231952
62232410
62247755
62259895
62261170
62270948
62276589
62279008
62281058
62284841
62290577
62291007
62294118
62295358
62308315
62309888
62315044
62315410
62321978
62322582
62330074
62330635
62334843
62339467
62344378
62345789
62355381
62355506
62358737
62362959
62384463
62386620
62393605
62416303
62418822
62430437
62439850
62456123
62479173
62486127
62488963
62494312
62496740
62496997
62499942
62520602
62528599
62530052
62538037
62540279
62540888
62546531
62552272
62557840
62566770
62591928
62610750
62615102
62617587
62619132
62622121
62633566
62646636
62658342
62659555
62672100
62676937
62690444
62696988
62760483
62760652
62772122
62785827
62792206
62795281
62808294
62820068
62826313
62827941
62834744
62876291
62891799
62893970
62902582
62923293
62924608
62930368
62932855
62944294
62949427
62954823
62957775
62974809
62988779
62989426
63000846
63014524
63023712
63024276
63024795
63025448
63028403
63030412
63039030
63042087
63042430
63043753
63058945
63063206
63067873
63085229
63087658
63099561
63099694
63099712
63099800
63112604
63128898
63139812
63152586
63156494
63161005
63169274
63200126
63205778
63207289
63215630
63230636
63235828
63238352
63259173
63262805
63267173
63268501
63272808
63283288
63292401
63293277
63309155
63342844
63343480
63346869
63347834
63355335
63363887
63366648
63371570
63372175
63381361
63400685
63401218
63408494
63423411
63425996
63432494
63449224
63452692
63455219
63456589
63458829
63464839
63492640
63501346
63509514
63518431
63519067
63519710
63530300
63534708
63539262
63544592
63545307
63565162
63576183
63578373
63597316
63615088
63625813
63626487
63647582
63661668
63673543
63674522
63680754
63684850
63688736
63688796
63693992
63709158
63709437
63726548
63728993
63739896
63763564
63783217
63791494
63819345
63820530
63823858
63829180
63835585
63836221
63841967
63843106
63844449
63845948
63852537
63855721
63897623
63910029
63917637
63921494
63926548
63931474
63939834
63947826
63948342
63984181
64004049
64034242
64042941
64052059
64065727
64079199
64094569
64100243
64120678
64128778
64130118
64139548
64143461
64148118
64153159
64166629
64180614
64187276
64195888
64209242
64222321
64224739
64227683
64237379
64250025
64256191
64257624
64264376
64287061
64297809
64304180
64308001
64337573
64354702
64376694
64386677
64388652
64390680
64406054
64407569
64415873
64418065
64425682
64434040
64444957
64469305
64484079
64492096
64499988
64500641
64538528
64541347
64542101
64545847
64549059
64558564
64560049
64567062
64591425
64597876
64598699
64600764
64611139
64624670
64650448
64659622
64659941
64662916
64698724
64704380
64712220
64713465
64753889
64804035
64807877
64808580
64814930
64821144
64827772
64832952
64839756
64843503
64844129
64846068
64846237
64848296
64858634
64862371
64868642
64871805
64898438
64899753
64901152
64903304
64914838
64918070
64918306
64950644
64953965
64966566
65016450
65027205
65033441
65040823
65042307
65046369
65047337
65054761
65055797
65057094
65057670
65058535
65064701
65077355
65078939
65081743
65107324
65112539
65112559
65115248
65116346
65128376
65133558
65138217
65148907
65163063
65164464
65166161
65176874
65196068
65199315
65200322
65200739
65207475
65268440
65280476
65282688
65284290
65295759
65299719
65302567
65313092
65314771
65315295
65317275
65335614
65353370
65361751
65382033
65394631
65397639
65408950
65410247
65410775
65411131
65411366
65413938
65419261
65429371
65437466
65455172
65466456
65481541
65496706
65527831
65535133
65535178
65535359
65535998
65540970
65546671
65566289
65578574
65582688
65583021
65589230
65597254
65605009
65610372
65613039
65613198
65619995
65644229
65663293
65665324
65681963
65702678
65710575
65711671
65712112
65712785
65730611
65735185
65740149
65742391
65759945
65766808
65771640
65772103
65776800
65777422
65787613
65815675
65822663
65823083
65828056
65848279
65849863
65853608
65860048
65866686
65867499
65882585
65884941
65888538
65914079
65922298
65924517
65931166
65935677
65936889
65949188
65953710
65954201
65954345
65966230
65970480
65991821
66000296
66014746
66021003
66042032
66058040
66062766
66067777
66072827
66102139
66112835
66113144
66122084
66127166
66129836
66175012
66177123
66184631
66186846
66202692
66210946
66241058
66241250
66249990
66250517
66276510
66283130
66290521
66295656
66299616
66302237
66304998
66305152
66310570
66325194
66334267
66336645
66340860
66343905
66365084
66373794
66386277
66393767
66405437
66409100
66429274
66445251
66445516
66449645
66455140
66458670
66458967
66461540
66465465
66483237
66512015
66512715
66520216
66529132
66544256
66555747
66587142
66595585
66599353
66603648
66608466
66609270
66609810
66614285
66616284
66616641
66622222
66627846
66641481
66659085
66662573
66674480
66676092
66684512
66688543
66695113
66700908
66705601
66707767
66709070
66715439
66716175
66718008
66719686
66724895
66730103
66731248
66740112
66741207
66751049
66752830
66759691
66759984
66786714
66790832
66792700
66796874
66800959
66807354
66811571
66837590
66843075
66843348
66853475
66862727
66863171
66864081
66865854
66866628
66886739
66920524
66930078
66930926
66931909
66936878
66939657
66941470
66942404
66953924
66973835
66975109
66976690
66978865
66986380
66997526
66998279
67009872
67021366
67025521
67067851
67076921
67098891
67103566
67105756
67105888
67131940
67139890
67145995
67148069
67156827
67161000
67169787
67171091
67174546
67174615
67205775
67223635
67234446
67240979
67241492
67242882
67257848
67271620
67272934
67289621
67292033
67317531
67320503
67336195
67341252
67342022
67352390
67353393
67364466
67376684
67376941
67385454
67393288
67397295
67399935
67401796
67427106
67427471
67436895
67444643
67457473
67466328
67471246
67471615
67475520
67476998
67477601
67492853
67502378
67508890
67513413
67517939
67523650
67542417
67544824
67546658
67586834
67593829
67598668
67599139
67621212
67621938
67632671
67635426
67641877
67643302
67645044
67659461
67672590
67680603
67698857
67706909
67714956
67719170
67726323
67738656
67775767
67781951
67784524
67798265
67802840
67807012
67828487
67830079
67839781
67857870
67867062
67877292
67881634
67889081
67892151
67897998
67927627
67936905
67940318
67945326
67967390
67969554
67974424
67975576
67996661
68012189
68020187
68025740
68029165
68035357
68037193
68038939
68039679
68071747
68073079
68099183
68100456
68114307
68128073
68131634
68144101
68155247
68167823
68172683
68193403
68195738
68197359
68200762
68226915
68239424
68246068
68259128
68260822
68265361
68273173
68280654
68284918
68297028
68317890
68318169
68320058
68368118
68374184
68377082
68388012
68389376
68398005
68400116
68414985
68422034
68425724
68429569
68432709
68436611
68438741
68455465
68456658
68457132
68457177
68468972
68480598
68497946
68499667
68500446
68501884
68510858
68514360
68521916
68528395
68529115
68553140
68567558
68570207
68589467
68611133
68615014
68621587
68622100
68635655
68637299
68638053
68662822
68663442
68676436
68688842
68689526
68699308
68703778
68714277
68718172
68719811
68729575
68734620
68741753
68754880
68755425
68768394
68776366
68779209
68790909
68791219
68803368
68803958
68809422
68814912
68842478
68845435
68852373
68862224
68862912
68865640
68867838
68868401
68876094
68895022
68928314
68934369
68963860
68965498
68975086
68986851
68996067
68996253
69011537
69014867
69032155
69034651
69040845
69046494
69058743
69076227
69078833
69082356
69085338
69108280
69120592
69120604
69124198
69131088
69158245
69167343
69172826
69182387
69188931
69213936
69214634
69215560
69236593
69239076
69252604
69260479
69281382
69284095
69292694
69308441
69315409
69316284
69317095
69323898
69330787
69338457
69378789
69379161
69381045
69392090
69394663
69398863
69429706
69471122
69487965
69489064
69498927
69513559
69524029
69537960
69541523
69553279
69565134
69568751
69573196
69585783
69590655
69603765
69606627
69614309
69624776
69640317
69641300
69646029
69650359
69668373
69728555
69736129
69745569
69752262
69754345
69785600
69800352
69805996
69808759
69819851
69821286
69826100
69849448
69852296
69857119
69872332
69880321
69886121
69888671
69890339
69897676
69926027
69928348
69929624
69935310
69939596
69942431
69963411
69976710
69977049
69989793
69990220
69994118
69994528
69997988
70007723
70022714
70029704
70040297
70041791
70056509
70063056
70065155
70066802
70080484
70086519
70090912
70091009
70108145
70152379
70156940
70172597
70184782
70185479
70187706
70203394
70219183
70225874
70230716
70241427
70245034
70252908
70270325
70273490
70285877
70290676
70302175
70302273
70311746
70316223
70324404
70327775
70329621
70330067
70356106
70383419
70389455
70398420
70410752
70412312
70423437
70424815
70447078
70447700
70449156
70456201
70456338
70473597
70482753
70507785
70508499
70513577
70530719
70533559
70533873
70543368
70544009
70556477
70565129
70579526
70582955
70587409
70587927
70628583
70646861
70647461
70666621
70676094
70678166
70683671
70734952
70739894
70740221
70748202
70758714
70764760
70766369
70773392
70774398
70780130
70784105
70785982
70788050
70790469
70795771
70797782
70801606
70802927
70824020
70826683
70839798
70840440
70853783
70858223
70867064
70871297
70884479
70894953
70895295
70903052
70903549
70904273
70908258
70920220
70922743
70932261
70959122
70961337
70961863
70967759
70995916
71007506
71015497
71023366
71034712
71051829
71059697
71068928
71074609
71076005
71076639
71077948
71079087
71086295
71087273
71098135
71101048
71107823
71110351
71110469
71122685
71125309
71127700
71143014
71151614
71170902
71179134
71188241
71189546
71193262
71201313
71213921
71216021
71223930
71224394
71224622
71224671
71244880
71245055
71247412
71248249
71252095
71254739
71261614
71265516
71269631
71274047
71281195
71289285
71294000
71296336
71306719
71307373
71320695
71330146
71338728
71341456
71350101
71358690
71378696
71380669
71386964
71391489
71415438
71418760
71422030
71431830
71441865
71442896
71457153
71481515
71488872
71490004
71499580
71507301
71525458
71530221
71544908
71550504
71561282
71564595
71564715
71570032
71583880
71595468
71600998
71608752
71611109
71618575
71627904
71632545
71638530
71645181
71652443
71658643
71683559
71702769
71713786
71750764
71771475
71789086
71798630
71803217
71806830
71811467
71812911
71835011
71839206
71856121
71869494
71877675
71881617
71908012
71911296
71923758
71924186
71933696
71934145
71935069
71939962
71941575
71944544
71970642
71978431
71978511
72001976
72008857
72020504
72031085
72033723
72047548
72050989
72055687
72059322
72065033
72088501
72089244
72096667
72098343
72107118
72109482
72124293
72124300
72130193
72136480
72148135
72157751
72178288
72180030
72191525
72202945
72208329
72236886
72244809
72246652
72255242
72285797
72286915
72298214
72299067
72319917
72321334
72322641
72325824
72342497
72352486
72353804
72359931
72364387
72369965
72379411
72393491
72400316
72410687
72424845
72428350
72433506
72433864
72440463
72447965
72454924
72456570
72464727
72468167
72481124
72484889
72488149
72489161
72496730
72497049
72507375
72515243
72518403
72540817
72542284
72555408
72557095
72560394
72566804
72573531
72616490
72618362
72629162
72637891
72663711
72667799
72669183
72676651
72680817
72692086
72696011
72696349
72696833
72698882
72722709
72737229
72746359
72751155
72755900
72757023
72763104
72801345
72803328
72805707
72824954
72834978
72842656
72848700
72856235
72859831
72862275
72871148
72872025
72873282
72893664
72902428
72904391
72924140
72924936
72945562
72949417
72961416
72992480
72998427
73011824
73014262
73019568
73021307
73026031
73041850
73058534
73076794
73080340
73082349
73088856
73091339
73117273
73138814
73141487
73161109
73194759
73199919
73219028
73219358
73224182
73234460
73249647
73252685
73261641
73264883
73273318
73275275
73287025
73303205
73303707
73304576
73308683
73332401
73340362
73358183
73359975
73363123
73366937
73374039
73380500
73386153
73392910
73398340
73400555
73407089
73415368
73425427
73437624
73440008
73452108
73455227
73464708
73469197
73480989
73481012
73486099
73488643
73499316
73523372
73534900
73559035
73565912
73570741
73573396
73577969
73585587
73587202
73587543
73613611
73614568
73620902
73628065
73633098
73663532
73666017
73666187
73670762
73674751
73680136
73693514
73695912
73706707
73707690
73741810
73755208
73757525
73770142
73773371
73801872
73808045
73809956
73813220
73830774
73858469
73880344
73881084
73885789
73903015
73908886
73914037
73917275
73935057
73937269
73944356
73949160
73969506
73982704
73990452
74007203
74025470
74027379
74030958
74044602
74058640
74059467
74068170
74079991
74081182
74084115
74085935
74100681
74126521
74133714
74135647
74138557
74150900
74151420
74159597
74188239
74190998
74196618
74202335
74206322
74209914
74221439
74222129
74229800
74233313
74250014
74250909
74261839
74266576
74276622
74279388
74287694
74300830
74308810
74309715
74312920
74313410
74324416
74329947
74331358
74333058
74334906
74337175
74343108
74354457
74356950
74377085
74379089
74394563
74394686
74413167
74413392
74424733
74430937
74477146
74491603
74499747
74502803
74508066
74518599
74525939
74532819
74550945
74556524
74572406
74576712
74587555
74601907
74604639
74614161
74614991
74637660
74637734
74649998
74664662
74671320
74689817
74690516
74696575
74696716
74701472
74707446
74728438
74733162
74738344
74768612
74777225
74801307
74817132
74818433
74824976
74843673
74856180
74865628
74871452
74880304
74881894
74884698
74885270
74893670
74896913
74917848
74924257
74933399
74946339
74946495
74949716
74982864
74994161
75009874
75021187
75025654
75032274
75042394
75054502
75055965
75086987
75090737
75096293
75102091
75107116
75117030
75117784
75119189
75133206
75135817
75152992
75153322
75205790
75206230
75218987
75224183
75224956
75265593
75275009
75281318
75281949
75284924
75286552
75289280
75294670
75303180
75309101
75314209
75315690
75331364
75337152
75340826
75342579
75343779
75346488
75354607
75377761
75380016
75384281
75393954
75407243
75436881
75445566
75451329
75453374
75454939
75462829
75493896
75504811
75534154
75545605
75547270
75549408
75551230
75554769
75563587
75565832
75577339
75579032
75603407
75605165
75614365
75618132
75635353
75643025
75648020
75649036
75689196
75699081
75706738
75708678
75722313
75726067
75730030
75747604
75755013
75766355
75768667
75769245
75795274
75797144
75805146
75806814
75806831
75810045
75830989
75833293
75836226
75872447
75880644
75892959
75894309
75894995
75896419
75897892
75897968
75903223
75924041
75925789
75928238
75935259
75945854
75956623
75958890
76008965
76037595
76048302
76051882
76057768
76064136
76064366
76076688
76077341
76078372
76083132
76098958
76099031
76100901
76109909
76127560
76135739
76191668
76193389
76201143
76219502
76223411
76262695
76263880
76266126
76267224
76274505
76277514
76279323
76293091
76296174
76309865
76317184
76318866
76324850
76325258
76334209
76344073
76346779
76350985
76352432
76360856
76369407
76382144
76388465
76396461
76398379
76412075
76413384
76416955
76419973
76421435
76433571
76434617
76449421
76453322
76464367
76469580
76476177
76477663
76489447
76495844
76501761
76505736
76516798
76517329
76538458
76553247
76568806
76571498
76577283
76590052
76609416
76620273
76644665
76652128
76663808
76666514
76666851
76679081
76686078
76715456
76718743
76737638
76765274
76776749
76791287
76804538
76810077
76827352
76827837
76830684
76830915
76858913
76860778
76868232
76894602
76907184
76910525
76938845
76948257
76950078
76950756
76950794
76953919
76955739
76970505
76979012
76990040
76990707
76996291
77035078
77038221
77049346
77050398
77057121
77057708
77058891
77071899
77085121
77098175
77113203
77113389
77127633
77127709
77129727
77134539
77136611
77146452
77153842
77160408
77172911
77173989
77182166
77182798
77196549
77203616
77203934
77220978
77228846
77237557
77246220
77248564
77263303
77308330
77322320
77330844
77331677
77332839
77358239
77365724
77377587
77377684
77411069
77421291
77450677
77454046
77457002
77459638
77460370
77483842
77488524
77490017
77495629
77506688
77510076
77511234
77511709
77530713
77537128
77577196
77580426
77589999
77592031
77605448
77614871
77630011
77632109
77638683
77645425
77653668
77664057
77666959
77675320
77679127
77681897
77686751
77690243
77693333
77709497
77709682
77723565
77730375
77733796
77737044
77742088
77764012
77765023
77773652
77790241
77793091
77796590
77801043
77817208
77827820
77828397
77842433
77849582
77851285
77851804
77869739
77878917
77887989
77893844
77895942
77903491
77920077
77929424
77946337
77950912
77959463
77962215
77974516
77978324
77995782
78001079
78007450
78010346
78016443
78019519
78029590
78030313
78030628
78058383
78064100
78065818
78068939
78082873
78091142
78098259
78115147
78135623
78142717
78151204
78153991
78162590
78162855
78165340
78183019
78189937
78204381
78212512
78217872
78222918
78241044
78241775
78255071
78255314
78258902
78261684
78283382
78289841
78290343
78294441
78294452
78295092
78321342
78330946
78347028
78354475
78364009
78376222
78377534
78378855
78389568
78390124
78398769
78398992
78406153
78413454
78432057
78437512
78442430
78445410
78450859
78455844
78459404
78467921
78471210
78471259
78485683
78507698
78529659
78531958
78547563
78567199
78573288
78582412
78593792
78606495
78609362
78619728
78628519
78628934
78640391
78640666
78664100
78679597
78680735
78681132
78690051
78692907
78695138
78706682
78721304
78751678
78755564
78762894
78771804
78782431
78802630
78813221
78815219
78816780
78846453
78852652
78859257
78867059
78872461
78876123
78896084
78899040
78902827
78916143
78923395
78923876
78928791
78939379
78951491
78955838
78959281
78965599
78972889
78989814
78989952
78994017
78996926
79006654
79046959
79056803
79058600
79086096
79090036
79091999
79096300
79121212
79131071
79134634
79147905
79154327
79173322
79190029
79191628
79191631
79205365
79205385
79206627
79214562
79221540
79226858
79231151
79235933
79245937
79251437
79294689
79295858
79316389
79320380
79396346
79406666
79410241
79421989
79424304
79499024
79499372
79515497
79547770
79554772
79555673
79561178
79573120
79574218
79578666
79582091
79583391
79606326
79608545
79625074
79634256
79650197
79652837
79655806
79661220
79665018
79665776
79666117
79675596
79679853
79681653
79682002
79696649
79707226
79712298
79717705
79724671
79729740
79730573
79740318
79772733
79784765
79786863
79791637
79792171
79792558
79794635
79814057
79816505
79825411
79827159
79833210
79851691
79854753
79873389
79889262
79894741
79895008
79929404
79938099
79941728
79951802
79958485
79961605
79965352
79980669
79984158
79989098
79993993
79996540
80000506
80002700
80014201
80016943
80018677
80019224
80034824
80035132
80037176
80042481
80047521
80057525
80062376
80111412
80120436
80120474
80141925
80155161
80157949
80164727
80174810
80181094
80184283
80194804
80211961
80214200
80215761
80227807
80229543
80235385
80248630
80270969
80284181
80294361
80304657
80315562
80316490
80333726
80340218
80359121
80371915
80377814
80383455
80388895
80413460
80445276
80456838
80467474
80468593
80472587
80478782
80479449
80511007
80519271
80525079
80525572
80540048
80543113
80552874
80563876
80565059
80571280
80581595
80591994
80596364
80598077
80600020
80607954
80610553
80614140
80617879
80642156
80665527
80665576
80669842
80700619
80700881
80703138
80704525
80704714
80706223
80719765
80724097
80744490
80744761
80753758
80755413
80765532
80801067
80819429
80861142
80875762
80885155
80909255
80909726
80910068
80914455
80931662
80953434
80965523
80987560
80994773
81001204
81001723
81022974
81032211
81034902
81046140
81048400
81056435
81061239
81067504
81085505
81090458
81093655
81094893
81097159
81097793
81099973
81102021
81113167
81117375
81118278
81128585
81139401
81159094
81167983
81180444
81181926
81185643
81204511
81214393
81216995
81226475
81240734
81255374
81259816
81277646
81283786
81285265
81290131
81292486
81292761
81352958
81355730
81413888
81436002
81439236
81444228
81447532
81452226
81455733
81455851
81455853
81480643
81491242
81498083
81553028
81556797
81572806
81580393
81593567
81597100
81599749
81603531
81611511
81620013
81629767
81630046
81631861
81658946
81670572
81676142
81683370
81718699
81730953
81740298
81748133
81752484
81753157
81755289
81767271
81783784
81795321
81800142
81803738
81809257
81825080
81826962
81828816
81849909
81851757
81851871
81864942
81875108
81886862
81888584
81898761
81903058
81903210
81919800
81936375
81953471
81966202
81968219
81973734
81988484
81990789
81998623
82013747
82016011
82019387
82019596
82022009
82026217
82032330
82043167
82058023
82063290
82064689
82068466
82071500
82102792
82106884
82133311
82139164
82139895
82143474
82146944
82147760
82150337
82154108
82163431
82178838
82189226
82193100
82209304
82217164
82228540
82233408
82234379
82247487
82248862
82255982
82267837
82285493
82288156
82291632
82302907
82325620
82335983
82342410
82349172
82349486
82350391
82365224
82375126
82389099
82394387
82402080
82417821
82427720
82439259
82443729
82461955
82473171
82474354
82481643
82488357
82491854
82540857
82551716
82552696
82553409
82558887
82559807
82562394
82564257
82614872
82630071
82631658
82636474
82652536
82661289
82672918
82687366
82698455
82700299
82709581
82713480
82715841
82723338
82747755
82749844
82753617
82757965
82761582
82774602
82783469
82785651
82794707
82811662
82811996
82818644
82841703
82848037
82856380
82866927
82867077
82875435
82889262
82892413
82894298
82900657
82905253
82911667
82916509
82941770
82945908
82959573
82974481
82977984
82982070
82991297
82996566
83000822
83001306
83002944
83018165
83018189
83053214
83084437
83089911
83097119
83101926
83125441
83126718
83133100
83152592
83171621
83173331
83183834
83188327
83190670
83192811
83218621
83234722
83240224
83248134
83256845
83259785
83272316
83275188
83307784
83311421
83320748
83324733
83327706
83331774
83340930
83348302
83348713
83371104
83372414
83396549
83407413
83413261
83416113
83436264
83441035
83452637
83452815
83463815
83489648
83496200
83508544
83517524
83536316
83540409
83544851
83567827
83573841
83593060
83599433
83602489
83607529
83609754
83615966
83632119
83661065
83670208
83671820
83674932
83693719
83708713
83713495
83720004
83728600
83768621
83818484
83822460
83824758
83827673
83837631
83852542
83854771
83864703
83864794
83868956
83870909
83888899
83893677
83897978
83901258
83920952
83929663
83941309
83980653
83984714
84003179
84011532
84025913
84039994
84053052
84053471
84061931
84065720
84079828
84103727
84110140
84111233
84112559
84115663
84119727
84124307
84131774
84134733
84139077
84141202
84171287
84180163
84184176
84197933
84198592
84215580
84227759
84232667
84236191
84250593
84257339
84268637
84280809
84281485
84294568
84302290
84303377
84308341
84316028
84318756
84319829
84322601
84333120
84345831
84348239
84351763
84353876
84374857
84396472
84399283
84438566
84444447
84447540
84453152
84458532
84460627
84481624
84499620
84510680
84513083
84535621
84558447
84565289
84565985
84586741
84593794
84598950
84601433
84601828
84619292
84630604
84632140
84668429
84675148
84685720
84704178
84707658
84716873
84751332
84751540
84752780
84753741
84760608
84764136
84779547
84780128
84780746
84795609
84800760
84804664
84808636
84811262
84814843
84839451
84849039
84854866
84870213
84881581
84904615
84904779
84905324
84919440
84945119
84946358
84946387
84964574
84966739
84997090
85008096
85013832
85028398
85051690
85057911
85065647
85077910
85089487
85090974
85112483
85116934
85120444
85126027
85133784
85135056
85144616
85155776
85168701
85169336
85200636
85200903
85202739
85209490
85216537
85218526
85226354
85229474
85233192
85239291
85243483
85249375
85254322
85265280
85268679
85270985
85274171
85275084
85284701
85288514
85296553
85314250
85320851
85326540
85327259
85327533
85331453
85335547
85348003
85354381
85367556
85369575
85370676
85378090
85388907
85397711
85415453
85420783
85450339
85451022
85470477
85494877
85496761
85520379
85531633
85540163
85552524
85571000
85571662
85577794
85581288
85582378
85590576
85592171
85608058
85613950
85621052
85623318
85634259
85635638
85636006
85636421
85648000
85652663
85670143
85681631
85685839
85699776
85701872
85716005
85734306
85737521
85743570
85748425
85761426
85778155
85789653
85793271
85802360
85805043
85844863
85850510
85864882
85865561
85886054
85889108
85903373
85904940
85915092
85938161
85939419
85941754
85959303
85970338
85970910
85972275
85979240
85980745
85981293
85984971
86007608
86013447
86058173
86067229
86079244
86088772
86090039
86094596
86110996
86116248
86118465
86128494
86138377
86150449
86158209
86164017
86164863
86179153
86179498
86193510
86211402
86219288
86224733
86224981
86227769
86228472
86229888
86240588
86263574
86264323
86264859
86272942
86288490
86289037
86309269
86321039
86321774
86335995
86349848
86366592
86379230
86380595
86389328
86422594
86424904
86437039
86437365
86441184
86450033
86455161
86457567
86466341
86468432
86472534
86483633
86493246
86502247
86509603
86522335
86524387
86524641
86544325
86550061
86551784
86570214
86570785
86575221
86583483
86589485
86589645
86603589
86622809
86627704
86644622
86654358
86667075
86680361
86726586
86727142
86733631
86737716
86747803
86756517
86770284
86783368
86797912
86813796
86829261
86835326
86845872
86853735
86853761
86874442
86888393
86888692
86894343
86924529
86937608
86940557
86975889
86985573
86995300
86999600
87014182
87025058
87049474
87054041
87056138
87062924
87091412
87110456
87110615
87114903
87115945
87127346
87133292
87140840
87143427
87162497
87170170
87184471
87193124
87222920
87234527
87242530
87246898
87253249
87269901
87287446
87310866
87322476
87322878
87341206
87348490
87361467
87365009
87373719
87374708
87375219
87384649
87384882
87386546
87401412
87411600
87444752
87460290
87469028
87473901
87484674
87490892
87497832
87499149
87506942
87528377
87529420
87537513
87538032
87545790
87553431
87592330
87598552
87603217
87614016
87621539
87626716
87638240
87638871
87665714
87668055
87668561
87673564
87692309
87699388
87704955
87705289
87706903
87714270
87714960
87719296
87722202
87722325
87725511
87754099
87777742
87780416
87782510
87789377
87791173
87800412
87802346
87807897
87818257
87829265
87831856
87837469
87847149
87848899
87861647
87866244
87885553
87890729
87895585
87902903
87919726
87937242
87941804
87947036
87976303
88007824
88032542
88039994
88041574
88045251
88045976
88078090
88086387
88098879
88108208
88113638
88115929
88121796
88127583
88134429
88164060
88172794
88178231
88180154
88211528
88217827
88221323
88232556
88239088
88243900
88247843
88248801
88249983
88259944
88267139
88278379
88281474
88308210
88309075
88310367
88321667
88324545
88336383
88336674
88351345
88352803
88368740
88369664
88391091
88393252
88395526
88403629
88404099
88407371
88424097
88438763
88439830
88445901
88456701
88468074
88481630
88486333
88501521
88525724
88536188
88543057
88559100
88592271
88611447
88620845
88622827
88640880
88647841
88649438
88650474
88655153
88672899
88676306
88692920
88710927
88711620
88716161
88719893
88726131
88782198
88785239
88787781
88797950
88803603
88816445
88818768
88830416
88832383
88850911
88876210
88879922
88900077
88906290
88914701
88952330
88961737
88964784
88971728
88972334
88977673
88990577
89020242
89021996
89039008
89061903
89088580
89091634
89091911
89100140
89104976
89124006
89128450
89161454
89165264
89183034
89191200
89201987
89224221
89227672
89233454
89244144
89246321
89249987
89266465
89272022
89276781
89279642
89280555
89290005
89294639
89319208
89329945
89337809
89341098
89341713
89344619
89362316
89363264
89369164
89396045
89421329
89425855
89427484
89428276
89434723
89437963
89448194
89458337
89471442
89474767
89494753
89508923
89513176
89535187
89540931
89542096
89542358
89544184
89545450
89549363
89568140
89574902
89592347
89601247
89610594
89654662
89656170
89668642
89672809
89687344
89690690
89714351
89718727
89723285
89732446
89769306
89781366
89795967
89800691
89817461
89842048
89853773
89861701
89863004
89873455
89874206
89877585
89891198
89892909
89905771
89907116
89911346
89926388
89937177
89942622
89956784
89968560
89999227
90002784
90004715
90022925
90024343
90030424
90033007
90042874
90052285
90083405
90095286
90097093
90100020
90110785
90120761
90131609
90133491
90137099
90142480
90147348
90167224
90168516
90172663
90179028
90182863
90186247
90192174
90212314
90217176
90222551
90229363
90241421
90250184
90251169
90252891
90266438
90268934
90279065
90282464
90285755
90289294
90304037
90312552
90321486
90324119
90325836
90327063
90330979
90331704
90334344
90369503
90370524
90382512
90383297
90388760
90395072
90402356
90407594
90415982
90418037
90436736
90440082
90440198
90445684
90448678
90451501
90452887
90459502
90462796
90470168
90472893
90480386
90481989
90482578
90487384
90490611
90493226
90495776
90524805
90525553
90529537
90533223
90552412
90561184
90563497
90565423
90566016
90566144
90568944
90576413
90583800
90584432
90594230
90622736
90629192
90633562
90653015
90654422
90661234
90662223
90668399
90671134
90688836
90711085
90717309
90723506
90724901
90744203
90756511
90761428
90764811
90787347
90789784
90810575
90815467
90815987
90818950
90822849
90833525
90847415
90852622
90868875
90872009
90872305
90878019
90897298
90900581
90904658
90908261
90909142
90914825
90915723
90930434
90943355
90965784
90968124
90983323
90990530
90998121
91005121
91010587
91024725
91026275
91034337
91034544
91035594
91040443
91040974
91052203
91064317
91075028
91085039
91103417
91103889
91105314
91105409
91112644
91119993
91131133
91131792
91140433
91150710
91152881
91154232
91157535
91164860
91176173
91178895
91187904
91191362
91191643
91195411
91196511
91197495
91200067
91219201
91234549
91247635
91256395
91259086
91271709
91298116
91304538
91313952
91336696
91337249
91344866
91348899
91349915
91360713
91367894
91368600
91374587
91376011
91391344
91391869
91400939
91403436
91423185
91437892
91467965
91489655
91503324
91509617
91511171
91532598
91541095
91550181
91550818
91558067
91568708
91568943
91572232
91575860
91578019
91580660
91594689
91603005
91604359
91680745
91686736
91690746
91702811
91710526
91715030
91717669
91718217
91722799
91730451
91730472
91730746
91731767
91736826
91751181
91756042
91765610
91768005
91768110
91784706
91797075
91797293
91797541
91797994
91799623
91814627
91817817
91818596
91850654
91864525
91872573
91889993
91891614
91897392
91899448
91901702
91903453
91906416
91926206
91936745
91949868
91949985
91952672
91959122
91996452
92002885
92003191
92013411
92023626
92025316
92040003
92041166
92043978
92053195
92072123
92114605
92117808
92124003
92129784
92135735
92138548
92157706
92160285
92184347
92233494
92236982
92241233
92246185
92268456
92292774
92295010
92313094
92322633
92325958
92330967
92348602
92356224
92366744
92369892
92393815
92394291
92407334
92410186
92428809
92430413
92432958
92436583
92440442
92446230
92449534
92459541
92460709
92471948
92474355
92478454
92521785
92524477
92527877
92539239
92563723
92568009
92570853
92573930
92579676
92580310
92602111
92604754
92614537
92617359
92619126
92620468
92630188
92633573
92637903
92648207
92666200
92670432
92670525
92676467
92681060
92696838
92737300
92774395
92781844
92787622
92799628
92802749
92807157
92810990
92826911
92838204
92854109
92855759
92857471
92868749
92896947
92911400
92919812
92952505
92956064
92982508
93006054
93015533
93037611
93054539
93056093
93067043
93077829
93087982
93102134
93126244
93130519
93135799
93142781
93149278
93150676
93163295
93168412
93172242
93204310
93206253
93211522
93219568
93220563
93249452
93252470
93273641
93274950
93277087
93280082
93289556
93298824
93309605
93311610
93319748
93331890
93343432
93347737
93386203
93387311
93405491
93409831
93411613
93412212
93412952
93446500
93455211
93460152
93468250
93486847
93492617
93514160
93515326
93534791
93537548
93554504
93557494
93562949
93566549
93570024
93575833
93618091
93623987
93626795
93635637
93638275
93662878
93678903
93686303
93699058
93726925
93738081
93749940
93754244
93766061
93769144
93778486
93781916
93810596
93824601
93836262
93857845
93863781
93879224
93881872
93886292
93893916
93899307
93905220
93906389
93915327
93930950
93945672
93952139
93958893
93971892
93983446
94000610
94001519
94003521
94003879
94015206
94027593
94029473
94040614
94042489
94046596
94049395
94050330
94051151
94058432
94065363
94066979
94067315
94070488
94072820
94079671
94082508
94108330
94109095
94121365
94132841
94145996
94179454
94181367
94184321
94184891
94188866
94193314
94204227
94206998
94207509
94208211
94212711
94213727
94222541
94232911
94250618
94252415
94256409
94258204
94277495
94278753
94283285
94284076
94286071
94287562
94298283
94300061
94303746
94307949
94321846
94332396
94334035
94337306
94356780
94367118
94398130
94403761
94416246
94422130
94425734
94437118
94437650
94451487
94456412
94464743
94477844
94492813
94516625
94525738
94531494
94541145
94547576
94558018
94562353
94564932
94566715
94588797
94590868
94605095
94607790
94620264
94620424
94631665
94635068
94640988
94642823
94656724
94663059
94668367
94672415
94679803
94687725
94700974
94709423
94717412
94721127
94724247
94729308
94730703
94746689
94755515
94777489
94781474
94786936
94788054
94792566
94794981
94809398
94817086
94817500
94817938
94818601
94834525
94855762
94863541
94869707
94872710
94876107
94880906
94882188
94888104
94921268
94946818
94950925
94959758
94968749
94977931
94979497
94985048
94987159
94987335
94988374
94997674
95021708
95024343
95064048
95085022
95095941
95113121
95117788
95124005
95137278
95148142
95155147
95170161
95200882
95212752
95227017
95262714
95264584
95278497
95285203
95285858
95288376
95290853
95291862
95300347
95318679
95332287
95350908
95352347
95362749
95382438
95403952
95426768
95434332
95442393
95454404
95455091
95490363
95505598
95506337
95515161
95519936
95544202
95551057
95570356
95573328
95597775
95610567
95613691
95613935
95626648
95639557
95643384
95645347
95649691
95652098
95652379
95654559
95660789
95666480
95676828
95690044
95704616
95708634
95724278
95728355
95747308
95754221
95759099
95770390
95793261
95796154
95806421
95824169
95828549
95828778
95840202
95854666
95873378
95880243
95881877
95896716
95900516
95908618
95909698
95913580
95923401
95930291
95934344
95940092
95946408
95956339
95958046
95963975
95966078
95971272
95973985
95976928
95984506
95986777
95994349
96002124
96007898
96015991
96019996
96029951
96054809
96073039
96082330
96102367
96102569
96114071
96141034
96154263
96161450
96190066
96190681
96203405
96209808
96216907
96220259
96244953
96278626
96291631
96297542
96297735
96323979
96336946
96342241
96357540
96372000
96376205
96382988
96417435
96423709
96433565
96457516
96469912
96479296
96484402
96508063
96518277
96523341
96560860
96563551
96567674
96586534
96590574
96591193
96598106
96598524
96612581
96618330
96620226
96620524
96641103
96641503
96660930
96662056
96663672
96674389
96677465
96685356
96693158
96700301
96703803
96708572
96712073
96740303
96741771
96745331
96762394
96766818
96772911
96775269
96785223
96791595
96793420
96830284
96836154
96838144
96849710
96855709
96863450
96868821
96870496
96873042
96879747
96893385
96908359
96914649
96915257
96918616
96922374
96935271
96942225
96951866
96958576
96966517
96983919
96992632
96996693
96999200
97037083
97037743
97044539
97051526
97078318
97090999
97093737
97107999
97118644
97120188
97126909
97135203
97137942
97157570
97161166
97163791
97167733
97177219
97177461
97183242
97191572
97202546
97214822
97216424
97219567
97233382
97233428
97235908
97245914
97256104
97260418
97272886
97286605
97290438
97293523
97293971
97301234
97311142
97316701
97355470
97375903
97396239
97406594
97419426
97432015
97443848
97450073
97471093
97485175
97488218
97499850
97511177
97521725
97526647
97527559
97530728
97534019
97534512
97541684
97544496
97559422
97577233
97580632
97587856
97600377
97607918
97611149
97624489
97632730
97636700
97645308
97653993
97668275
97688116
97693751
97701600
97721244
97721406
97721868
97723968
97727111
97730397
97738865
97744726
97753910
97758627
97760607
97767002
97779530
97788407
97789303
97792325
97803071
97809949
97820988
97822742
97824942
97826169
97848467
97854466
97870353
97878219
97903860
97919269
97940889
97945082
97953611
97961408
97971241
97986398
97988794
97999527
98006289
98014022
98015373
98035082
98041335
98045784
98048568
98049926
98070984
98134332
98134453
98141942
98156202
98172154
98181423
98182664
98196341
98209615
98214382
98220846
98227465
98233403
98255119
98262910
98272665
98300960
98303014
98312126
98336030
98338104
98362205
98362247
98363010
98383506
98393957
98397235
98426496
98451806
98461853
98474282
98476461
98480443
98489204
98503467
98510275
98511421
98516998
98521269
98526614
98537293
98541348
98552503
98563779
98583023
98589416
98590470
98592090
98593676
98603258
98609562
98611200
98625951
98634893
98638227
98639541
98640967
98641116
98644362
98654341
98660189
98671038
98675908
98678812
98691045
98703104
98703491
98716431
98719027
98732845
98752983
98762301
98767681
98778835
98780393
98781463
98785538
98809191
98812542
98854573
98871585
98880067
98893425
98894902
98908436
98939723
98943247
98964367
98968188
98970278
98973218
98975086
98979941
98990642
99003412
99032490
99034261
99041678
99050998
99061043
99074753
99076724
99107273
99113385
99114304
99117105
99117596
99117676
99157611
99166812
99180565
99181555
99183366
99189652
99250530
99251727
99257588
99264116
99275472
99286256
99289250
99290766
99298123
99298528
99300503
99319769
99324000
99332420
99335536
99339146
99363435
99381399
99383318
99389867
99422735
99435786
99458734
99480875
99485320
99489103
99494753
99497240
99520082
99530730
99538889
99545773
99562921
99572620
99575117
99587101
99602224
99619123
99625659
99631758
99632337
99644200
99660467
99661891
99676192
99684390
99693255
99703202
99717571
99727555
99734075
99740847
99745081
99750441
99752507
99760442
99763075
99765922
99773097
99782245
99790463
99790772
99800119
99832763
99845692
99871104
99872794
99877853
99878634
99881808
99889175
99889577
99898064
99919316
99939006
99947575
99949027
99954379
99959839
99974997
99981969
99982068
99989334
