11063571
26209511
61475712
73402312
80018346
23390788
31781617
14394677
22333229
60931362
82444529
11916922
74450142
63593229
45551587
68841432
43709194
52357117
89050564
47922896
49878185
70773841
23636577
96854707
44763430
22290733
70822995
31907765
90017712
36757260
82422392
12720845
99399365
32378235
79923113
91565396
86543278
31742873
26155079
54788664
27324317
29010314
28855580
26254535
34617733
47628868
66133402
77045662
75220921
33842267
68097034
26767728
93585043
87978437
96227308
22286782
56404098
89170267
71746558
84909227
60954355
23144218
61603287
62105431
94427350
12069660
58131667
49315388
68945039
88264349
54464454
11925576
34587816
45660081
34176561
47821067
71840186
46650304
41449497
68392931
52035576
78429573
11399900
53724002
74922752
62237880
11210489
88999952
29713233
63116306
61771018
73322498
82291870
57898437
77420159
68069245
87866519
68492936
46596892
12943216
50187683
30274298
43749642
93669035
66941669
36646567
89373701
51716200
44293153
91795122
36645003
37263402
86079940
23540553
92233406
30183558
19033023
49959082
89451481
63362442
83208317
96482541
17777821
51487357
60072636
57302607
70218675
52669233
13565923
70911226
79569029
38746453
29837593
97187900
11977810
77366685
56479981
71252799
60059824
95493963
23280612
85258346
25716091
62257300
98824487
75031602
63087766
21224008
56445270
40062603
25163417
43535350
86662259
28679018
18613469
90635068
19149140
23253068
71988605
45656888
87222518
64046341
98761292
62707770
43303379
34595103
31141183
11134582
90259288
24029776
77168321
30284228
58296674
17909773
68423035
75073216
22426798
31456762
49612954
80553268
55913353
82686466
94587670
45491300
98826420
52180612
46395354
85107703
59996648
20996733
51467383
38485222
54362265
68509996
36096652
33594937
94121596
81493592
37915244
85471558
22253734
20890048
65353287
27112131
48949147
79360848
90644072
96670712
21787291
40827494
14725171
55410195
69698415
95396151
26851248
77255443
83105842
86096164
94093170
76255753
57285961
49022222
52473650
87891183
66183136
63311902
14759759
90256689
92773484
43696005
43618016
47459386
90600315
91533904
14664840
12649782
86736491
50644188
58086486
19811548
69815891
33765747
53360816
46379983
86248515
20958785
20344722
61813373
85674289
30680122
48112868
39209130
67095181
69765435
18563006
14140530
22181544
17489667
85587903
51605906
72024468
17373907
23035106
80564324
29225661
97141583
94911796
74394295
90469965
42717352
86258911
47797338
40887411
18541151
45740044
96164919
63028291
12395090
19425306
89793910
51726134
42723293
96662169
28179107
72232973
99027076
60650292
35313328
10241639
85893243
21879071
55650891
14459224
75752619
25559012
85413166
32544038
28119582
52170958
62245571
42936230
94248096
89138507
78521496
31099296
38796485
86921901
91559858
63446099
29243629
90532904
77732650
22320545
13941126
20819729
39030488
61376204
30748191
19519544
52345645
40156825
43196900
49626685
31803690
70603660
37533899
21449494
96517030
66100027
77943788
17073833
39621973
42611293
24530435
54221763
33617804
49340457
52493348
77662024
52894482
41368220
17447820
83542143
14828237
74917247
65945047
96777531
64806471
24443788
46621462
43507054
62119155
55756453
72751999
67681590
19588361
17748622
88044213
20867277
37799570
38155800
85158635
11012280
82946946
18945970
73075870
78271441
22272337
61363739
24302792
12950719
63647520
90539557
13574022
26454819
13773266
90016835
85240402
94507438
81310957
28122700
98640475
37910106
58543296
72385723
33645189
21057436
83730509
48530199
17624503
31838111
43532340
95701225
67805406
14005917
11745330
91501584
35588374
99548336
36015449
70693652
11652430
49165144
58531111
82580348
90341603
44007378
40364916
71785934
22649392
40608030
78639422
50604130
61731529
83753350
36217727
65140115
11467225
95823329
18619153
10366023
39013166
98152857
20479995
78210087
24431488
39243116
48065917
47206282
19481709
48998733
74514289
13168886
53194779
62913243
87470531
84665777
40512517
63757592
61710710
73191332
79633398
77424911
64237640
17840973
49108761
93172713
84205245
31619883
43894751
28823480
71006650
94116007
90001380
13723834
21517691
65383326
64682123
33163439
22130973
35778358
34651960
85078308
24968923
44003003
19176974
47711516
31169104
81896620
43816803
79836582
42506030
58508182
92275328
30188420
95641557
37038705
36560080
75995494
94163366
33104709
37448169
13367117
90370242
50677393
33791221
11903519
81067603
49904072
48793564
58713965
15752989
22568197
24927183
21100206
60059764
81721304
47245218
59300582
19743835
53375174
64696317
45773600
71255320
17209832
42779377
43317389
89834681
15571483
37355485
93349126
10991287
96399919
66917055
75269173
98955484
53350339
95688830
83320658
33226786
50975132
48222458
94410185
75512601
71008164
83452390
90766336
78172661
75606835
65577795
12332614
91849842
14792622
24244769
38950992
98091602
72664115
53859703
50904152
22775304
84883510
63119855
47827136
48281057
37025265
58265577
47849241
54198509
65961609
59343622
94525516
86171982
21321772
95449674
66646945
68847530
94003483
38760899
29938999
44679032
46312816
16122747
68662876
26367544
98361018
39295349
92616723
79344054
14073288
72232502
57079439
88786281
81735862
87345273
44173214
39653346
86820638
88968140
26295305
15286537
82751457
45950457
17751337
32674519
52917101
55365019
45347248
94268139
55133463
96665146
91573381
73089400
41352636
91634230
46150005
69326646
25610970
46904473
65347625
61008418
47328347
58102329
46763906
84563391
41186782
19598859
48558272
83470870
72895397
96056795
87629145
99873128
64828148
55628262
74719577
66440883
52726842
35287944
33457385
75658035
64177008
27727880
31468117
15015802
33948071
13918897
98359864
47580975
31611518
84288113
55191157
86632363
63870036
72383027
46013990
29791287
45612527
17600023
11948136
77274784
34673201
73281953
21117515
82119472
97465324
21453649
53795057
49715124
69884236
63153846
48121079
48063565
11770769
23245657
36721994
94386175
49045360
43399700
11325305
49703880
59440068
52546477
96199684
57202993
81017518
92425776
90523506
17030541
44950795
22704515
38026650
68183644
28345569
92228230
35091481
17381322
36984065
67701835
99864315
69385911
58408972
51381876
78760185
58984456
59364867
15883384
10872610
10932720
79925409
57226224
39212338
14679648
34239786
16513805
25829712
83646013
28657107
88174795
56174148
14965173
52663657
74238920
69101596
67406431
34255785
59322131
60390600
58443095
54103081
73171461
78075293
46097058
47024769
53394614
45698278
78560151
94242886
53943355
47661675
49399265
49859041
67335706
55564496
93514279
45692538
77429641
50685433
81466875
42834934
40860056
93517333
73425697
34505620
87366850
84940415
18919938
64653956
99230840
60927513
71299046
57838530
42646915
92609387
86855558
10611513
22324771
64647572
39972692
73975939
56383329
75150789
32601366
86667189
39743813
52992891
59181193
55194198
83323158
27478645
76845339
38426023
20106418
45121918
43714578
18288560
30875809
29859775
46347982
79257827
48081680
73038794
70534515
54969957
55905391
59430145
25604546
62985209
65762379
41107040
45021443
79466923
95472826
81300576
89585994
26470016
68831986
35374141
25663699
45530041
78787157
64246986
97390002
49658870
59552311
56734949
38583918
71718847
67050186
64365199
16821646
40608883
93172247
68914426
21265384
20806595
35923361
18068551
67114265
57351934
51994274
26691065
82460517
50867771
68556297
90915674
22662783
35413524
94809412
94543353
52672888
28681921
93149485
41864336
20149261
47105778
41387471
16416034
74743936
71018642
85166493
41458573
68672786
93206946
62170443
31457983
32555614
29700449
65335838
93506326
16136018
51463740
36826393
49539862
67183495
23470713
62049374
55340845
25133273
80370954
33068235
60117158
42296113
51014570
51680900
97761840
13798782
63689064
24295444
47344083
97393058
33913861
90990102
41585196
45035777
94183528
79475338
83238991
21681281
21192688
28546221
66417698
67123797
56768365
86494154
23152448
88542161
19267471
99776250
66936160
87115050
47760144
86390128
55923566
18377183
75363914
85309694
14762128
90124541
38625688
85258261
53026683
45794078
89117546
51255136
25568662
36095742
46408030
78226669
61970044
23050722
65578467
29694923
38649597
40295638
57585533
16631960
27656649
49323851
18729817
65779019
80551436
18359378
82141526
78638224
44928272
33606175
81669843
96594197
85160633
55973271
82124215
59652107
55300106
32536736
88983922
94415890
25480302
96600095
57245219
11847868
18254969
65099077
27802718
12387914
67022632
15317959
71600398
21894536
33710622
71627020
19362002
65468476
31196514
53446668
99056280
83758984
94648477
31716316
86159260
96187457
23590900
91550702
15227030
11782235
41341378
41629515
53786028
63175213
45539449
31535269
78935616
76503905
18812677
76240314
31581787
73076994
11875571
30833860
28813066
31277806
99386882
34823345
49740136
82587197
60353602
69386726
18554692
85254724
57485861
87509479
16339600
40569528
36529227
73238573
20904890
19217781
57452152
90539227
24896404
22924475
67258858
35214212
25592878
26650954
71192030
29407112
27533997
13255301
28939579
23705825
67260134
94675311
86610978
60215314
69560496
17980067
44943729
88402493
99235769
17286209
23383538
23085715
57860058
27587140
98266487
60235105
16296677
26470254
34045474
46451693
42849585
98204858
46592720
74651476
25912784
75207117
99362913
60674357
85661934
65503564
53380037
63725930
41701432
18094849
31376578
94206957
44280852
41503704
33273142
48166054
98476622
52325092
33515464
34847947
46112154
82513129
24109386
90970141
12897966
67317525
98313886
46283406
45617155
82830953
60934543
67879784
83504262
85884551
61280912
36660258
20829401
68422396
19034318
30102887
54974429
45094780
99919083
51943245
13143361
25801170
10993908
22269148
34388465
75714919
78718515
84529776
27458206
35535780
63607261
78442642
58553870
18401848
11573546
23607836
31637507
95844695
34027290
32149907
98170669
95214218
63548627
84590977
95480459
62102387
34916440
55232231
88134709
16212149
27969449
57931823
90506594
39997412
39237641
19521463
42782667
80125889
17373406
71895364
80152395
76059880
20077619
83638049
60964907
26123250
32625372
68556139
47818999
18902472
28634295
51471634
12888687
54921916
32337198
69076288
51100519
89967755
18616320
57581562
69015822
19916578
10182596
67486472
69624527
19961831
18268094
91380523
25404280
61521161
95841920
72781921
50470571
67183878
69017082
81770464
90306422
87004508
10968544
56372925
97954748
47659173
83638400
71815646
45139820
17979123
85912343
42311597
35415799
97740748
53414706
38539940
10150025
46297650
44143318
54067719
80773557
87880535
82927576
84392195
52100214
51243370
31064385
78096612
41474143
46383182
12057296
84768520
85257612
77313852
81316238
99001055
50721995
16517605
60757535
75204015
89024981
36475449
75550215
61135375
83619624
82157266
96789362
64280786
78489866
28684624
30406819
41760901
85375078
67352671
59446585
32890327
50536065
76765378
31675122
48616253
63834647
76000433
14995117
57678122
66527717
62872655
67294321
53582059
76171429
88887322
65379756
10364078
13189971
57833369
62545290
69461049
30347617
68929779
35275489
82130872
15668611
25081772
63187440
93666729
61253131
48686067
54084160
93301450
20013932
34234325
15646818
40550723
79040745
64956433
12628885
85987755
63363858
98900366
70005831
69313100
70996041
51953401
68306589
78824125
82433853
60140430
67558783
43730513
27224664
51808975
60217510
48345231
12124798
31332889
30272486
56262707
59002835
21330495
59362299
36687798
32916233
76445204
14171939
67508989
60286474
26160986
14997119
22053456
71337457
39170701
64118920
50071787
61114662
51947754
59679539
16113133
91547042
84984748
64942122
78390786
81559340
37185323
69386223
62642147
68277405
98299163
50940851
18378849
58861848
46401992
10183984
47727071
55084764
72753896
86771918
37053763
90397341
14803105
43386714
87009598
22078681
48469236
81589259
45226186
49202989
33434711
60581636
33042527
50804248
37937397
22970626
49250253
45568819
77470710
68116136
22354811
15606153
90726671
64840739
57773958
33666800
93718184
21701546
70390933
12686665
73635407
26050342
63331708
66904240
18163731
66680675
60160308
65994684
55393395
49065853
41485596
21552927
14574687
73600366
86527407
70388618
78165742
94425925
31120852
19845651
30930687
19929886
89463075
29523781
70441990
10194439
35373034
44888815
12587634
84573687
12055461
18876256
41124788
84011945
75480084
21971612
41805742
60947968
26512917
43288945
19275369
15245751
87078064
19986968
72538999
68138568
25698830
80524941
58381803
67311148
25581898
51231135
40740357
41046814
69769044
82272384
87908725
67373830
87644488
34271482
66835362
15116637
42452066
22344773
70914448
38780996
56035732
66177974
79495270
89701628
50858440
55151976
40391942
37333285
96401743
58938089
24815559
63866133
83782895
16503912
33049704
91720580
74915131
64458716
24129872
81665560
67657066
81233524
67238195
80585806
99510028
63194652
18933077
73601667
58310434
12973367
88270194
38724761
85121674
18764834
68439628
84617281
19211240
75241095
57464971
52092577
57869275
67109753
13430249
49656991
88932704
60405988
50013827
72616140
39637896
57926713
41800914
93398126
65157551
60079337
13018524
54485255
36688930
73846926
69571496
51342548
38155506
72055090
85841084
41013766
44328344
44844382
86717480
59067135
55230816
41261117
96916741
89578281
59589771
63722903
10169815
79947503
17219617
19040807
62345572
88740610
98292916
28404651
78084463
43770893
11090571
37064646
93196093
37620933
48063944
79942764
59281537
57269578
77589922
13068249
11522020
89359801
26563131
63057043
84283161
27814327
37062838
38266403
86143661
33032996
47440309
68037022
95491708
51707327
57830864
92268959
57662052
84344722
23251475
65022676
34795444
65767408
44799609
15713235
57596223
83815706
26782209
82589787
98903764
91150219
46097912
81029575
60335082
31570615
64832463
12327536
47006719
47902376
59888987
70897313
42461164
33647221
44548684
62534012
18301721
22124666
37604719
72338648
37584714
52032421
84018667
31014083
94155749
86937910
28741351
21580484
37526519
90277247
38110278
90599589
91627207
81499013
23387947
39104277
26368553
60749304
14717029
32962970
53634379
68502977
26710552
45437463
89167068
52279686
31562490
36213672
58351119
79599041
14322767
64020094
52063170
42899320
25969681
46984053
56089699
95666144
20938513
36278572
42218694
46754943
38264127
86935669
83371509
50416145
71338202
11083438
28903687
62250817
99335860
94344584
14642060
24173808
85362179
50371130
31194340
33152207
83619327
16325744
36927302
32280423
48725909
54100965
95330770
97712840
73823201
98490896
91564629
92565989
65630229
43880279
95695366
85944502
12335252
16388110
45296300
56846537
76586887
13034103
67098887
87882057
62405806
51386270
40160931
48062269
98870851
48306567
58693938
22360339
16501720
33456161
30868719
63989239
57292661
75081250
67166662
36164278
65511739
24767054
16652062
76099869
42827363
40654299
52768870
55229198
28123149
45700160
46741429
49018630
57128483
85242001
48165512
81978758
27323206
51178437
38914160
77118089
69972272
98629562
17680947
35123043
64976665
57411854
36448732
29953346
11884541
51445357
32370935
97509531
19318619
15960276
24363151
30014735
24123289
81670616
75310973
36079764
45323063
77755949
68974019
13037648
40633860
17711085
61713443
30013798
47008100
51854022
87586205
65069592
37054072
79022601
72372026
65415669
12526998
79176116
58293988
19297955
56909521
98554329
40970193
49960493
74104380
74617410
14231648
97482816
98029987
93919495
57334888
85040733
94469270
97995979
19071413
76945570
39890192
13701372
58672736
85751850
33850705
23965536
77371205
34338954
56815750
99369743
92377775
65206597
96560439
37675035
96046050
43221741
27883579
86992159
19511404
71301364
87532887
81950049
32341109
48568125
98896255
76235659
48701467
14783202
65223765
19420100
53568653
72071625
21028846
59484467
86401702
28590218
93462966
60064067
48156972
36747068
73508955
33494285
94112909
50094714
90830585
17854196
53671994
55255784
80572195
49368937
42801493
33770146
47459949
37199168
95130594
15510637
10287669
46430680
92652038
22359258
85231896
47209941
50704837
98771726
67171276
21410889
21256525
50054254
42825011
92295609
19523556
80032525
47682924
78339388
52813798
13338149
11325830
87261893
87914876
41433329
95838898
53039115
44202679
88019225
90098210
44296057
19413968
44353099
30031922
47274073
42862701
49921598
53807097
62102029
81004927
19086093
63232599
67968932
21544440
21513077
75252261
73669780
35160645
51664329
32133925
16346238
24820987
87018389
48418564
32776699
88690862
61669236
81942730
94328632
87295020
38532117
87421658
32334931
80288367
34123519
77053654
57504099
80381540
65067504
77566971
19550205
31656451
55846319
86810387
62172889
21915194
90430756
75179151
24971475
78362039
43572293
79932220
60890196
40216934
98460784
55617466
75160139
25809807
83117659
72854772
99440897
81420567
84862571
63318122
50630018
26823135
91987393
20801716
24978158
47826314
92510482
73382500
13960547
95085037
92902356
15879448
53276496
40657340
80603293
97721033
73927102
62308821
14272424
78260473
51831669
92243810
21339146
26405002
54295058
94218500
61898186
53477910
40559344
13749663
82573415
31221154
61233444
79303568
17846045
42535467
54079150
23980334
99758048
83658163
30940180
31406441
66614163
91614811
12154203
53631273
42763475
81631174
92162031
75375077
98735080
80282987
79670622
24768736
70633820
41106185
14973944
90543214
13558509
87017241
38333624
89005989
72885675
35117654
17266229
76470130
16227486
79683337
69472053
53856864
95212396
36192391
94459208
82374310
12695603
67685010
20079636
33228969
44320230
95258741
82994343
87843260
48329906
31685635
29289427
19725904
70228010
68484473
86967633
60057977
40256803
68033571
41308354
80668648
22701185
26089290
51477578
35927266
10038966
79591223
40978297
20501211
32857648
48673102
42575290
25663670
26621339
99626674
82459780
34981778
18224886
13911913
55849290
85555446
54216835
30384531
84533976
54926785
37515113
96231281
48914553
40924741
92889382
28533117
65358172
73508395
99879605
46632336
86499530
41704767
85818942
82063870
74134793
80314610
51347081
99940090
89332122
69017611
26788116
35843111
58495140
59534994
28282727
53697040
39566312
16690372
63050453
56645827
82848017
29103800
47885060
44818033
44097085
39665767
19559416
86295150
56406166
77886728
58554333
75214421
69971305
46842901
51656100
53073714
61264714
24889780
56026083
67883807
17505893
82234210
37341796
30873663
49904167
19517062
60957392
77587116
78352232
97238798
91444554
18220694
24165107
37275480
31428616
60360594
71025534
81114036
50067138
28501065
53406452
11700235
39540666
28900291
95671419
46886139
95341853
56720589
18831217
27543871
58185389
13256740
27659295
74898021
78477659
36237512
43075038
50726494
61383568
92604061
51917281
62001987
38451176
60309585
21633724
35411580
93200206
47163894
60438268
81947947
81506434
90177275
29115868
19385039
53686111
34109283
53252498
41764979
83651004
90012510
57210973
68424414
82777351
83270892
66579493
75921946
67270915
19164551
79127050
70717948
49114922
45011776
24002938
94223393
93521067
70163750
81501622
87065357
57401729
43480635
25375123
60819377
25554236
12012445
82353419
98204285
21893385
19424840
84685298
40555209
28686839
41869412
89793897
90710049
72110901
35628847
82960750
29036079
23056865
46559704
55531124
42880796
40324110
50724866
46533823
71447602
39748364
86792611
66821371
22191398
66536153
41734734
39140049
15741252
80839847
30582173
46158291
65631537
96605228
40866324
72238605
53378470
43204874
31736820
57496517
33624447
59176094
25746432
45713297
91803434
89795794
22197126
39797224
84961749
52282388
72434783
12002945
13201056
25735736
59252926
93988138
20242185
41141114
28647183
81504873
28769098
41445155
78867263
39054511
13078471
25777808
56374085
24696360
22112685
11472912
50357712
29409614
72679674
87127488
76467158
40269911
32130142
51274162
69389410
11241502
41303740
78333214
42877778
83622319
87284708
41528359
38101613
73316166
32614545
81301542
13330197
56471638
44325308
22861319
83673874
73585157
98764118
21079041
13439793
41454124
37590665
85168444
75548364
92792895
60465360
90255443
50671918
78669703
92960129
76403156
66681414
22720918
99798493
19301118
40566623
84893731
85867203
43050885
24440729
20884678
17409644
89157769
59897082
82395489
14546482
95863494
34290460
99709420
76556358
88524551
42093468
78668815
51179667
77837135
25576200
83425657
16522202
37338280
68151575
22523241
84623053
16342953
29784388
18132113
87483072
57077458
75046930
83260072
74020705
27507003
84912391
64968865
74991230
87080522
37770932
94699248
19875718
17702988
35949256
15024641
14509902
54639943
56845493
98245840
72993943
23399153
83345630
33799376
82356000
33217699
75676523
63324602
21164300
96511273
58333553
47680501
86600020
86959394
57545687
57007243
94281295
31910383
38591110
74318675
32133352
41622960
45562896
45971248
69019820
58952027
99734820
25985089
88217903
76083694
26957863
71772397
13217213
81987936
32105562
17438318
96961906
29043795
30058646
39304081
24480693
27065154
50767447
89219271
44644492
99346807
41857642
26508535
19082880
30772859
80473186
47519273
82461264
88075740
84460612
37004097
74074271
71365328
46263688
75579976
59569786
48567694
86220822
51358484
31470154
99878251
77782687
12836212
26312391
69922241
85974231
81366246
66493561
26961568
30109188
85230545
90967426
11699205
11194125
54188183
28320693
73048989
49093928
64847872
15028031
83320838
23696994
52160996
65589297
82689596
35302521
71649617
53830581
16266356
81054138
11980387
31909984
37317254
38811500
37666450
88569207
57886276
60006265
94604244
32012300
64736506
54332028
90287753
20947591
24436121
42638483
20755952
38399186
66821270
66501950
76368704
78675324
27838476
36812848
62095939
11131359
20733886
33014971
34396016
76953201
49709668
93636134
87157483
34438252
88260306
76316471
58046427
30003886
84832115
14510291
60307788
31706308
78603960
31968437
43015705
83175195
32962388
50509285
90236732
86749967
78858858
99947176
47015307
70416937
89783927
87861700
88855642
79882202
80473534
84735906
42765916
62163981
20995214
50319583
82313550
12076257
92394748
26140198
41534260
49070251
14704298
76705680
32748587
76271469
67389408
81099270
53433435
72293547
88804540
63235022
58929953
23574407
98423618
28433781
20977033
72441651
73374737
40231966
98027984
73704511
33019369
79958370
54460258
97929035
52937227
13123164
36671289
12347306
64971807
57792589
49015457
50627842
23669894
95047671
91024728
82644062
85341178
43286101
92737447
61398348
39242159
79798652
92829192
84873556
50563798
24231184
82314229
73214689
58464894
97274403
42757739
44568326
66845675
30512467
76070146
88382575
82264794
37313837
66585272
59511006
20284600
39160165
54655592
52862381
11089105
53460377
98692793
63696489
70994719
30930826
46097912
95730408
22584253
49564010
96430788
62001577
51230930
56885373
61241282
21811287
76595468
12781567
45280710
68227061
56897780
80271702
96559898
47132091
46659684
12914298
86417731
80190979
51094486
50758379
41041895
91857348
88126142
93608058
89720934
53388339
83568200
75380574
54446053
99558851
67522386
56771265
18258146
88125384
69760628
91391142
73935541
50329216
58847829
27049167
52288820
62928047
72762804
18768262
80555779
44762864
25423041
10895374
72909319
15685260
70644017
83701193
37525578
20029119
23147024
12587688
22965118
44508525
49794988
61261944
44228483
88443710
57270872
22643634
76965475
42721357
74850216
52483115
31384407
17954870
42345444
19938548
20202192
14499071
76196889
52931056
46467294
87720312
41799012
51527766
42368926
19016606
79242507
94665986
28024958
37800704
13244778
88742813
65516631
82122195
41996768
50491891
56916813
75848891
49551942
18998143
61364591
51615698
77853920
10567143
84996965
50277123
77404579
40130895
60829133
19391976
66653978
18465579
97224028
29835665
37600665
76560800
24404274
48688284
91464674
71129781
31299729
50965257
77226901
20002761
70197545
42091238
94511523
87838189
18813243
93865307
88469090
62002662
28513946
99974294
50124658
48991606
16030830
47806751
52985853
30954478
58844606
15604889
42232749
28138393
97781864
64201716
22020866
78278946
85210892
24216202
54934836
90491950
58717529
79195362
51820678
52573626
30733717
42733461
43269766
49321054
96370235
40479942
43066283
36987471
93312133
93180930
53044796
58759137
29783160
70222047
59408693
41292989
90377484
93359219
30273746
62292453
98257795
24610573
64885542
95989711
30938747
90212931
55370934
30616064
35904709
97190727
68169967
11711185
13347801
65904006
35132216
57593170
38136149
84621314
34150090
14964752
13208157
49449037
32804678
12921062
87351761
39958323
79670181
63291558
22888551
66700702
65393592
56624576
17512515
71802679
82684622
55267351
32837826
96127177
48161173
17477323
98853601
26300655
71470432
17007247
83542345
23274960
42692710
88445643
92635792
16129624
25487223
84280558
11005607
75707510
52216359
63604635
94559419
62085946
65970474
11086125
14875376
90705212
15199310
91697455
56708558
64392420
29503922
25003278
81617248
63296500
25916723
24356451
98779404
94383534
39430073
77350468
77879196
50055194
22285237
99810223
91344447
72742906
65634287
88634137
16328143
11899368
91958064
79097248
63478784
86296982
32739230
94819643
25107599
99488898
11124179
37947512
32890048
82950611
70518908
71553334
38594999
77789654
48642049
34777212
16418020
19272886
95563436
24687147
70843013
10296471
57430560
77488665
98160698
37265494
39743070
52847150
17819541
99170534
98112569
82541476
66778933
69553461
50795784
57387428
53793976
18702731
77838660
96098750
97216225
50816164
36954323
23550637
49377035
31696574
17383548
68159679
97111916
47807388
10332511
89888790
85631924
25055226
83303545
78768834
25636804
12498550
98255597
92618073
53600790
94601516
94792090
98192362
73686115
38373684
32220903
94206195
93445510
89056577
89016115
91306194
25822795
24330647
24753336
22125638
47880447
83671936
59233092
57273719
26218087
27410531
70324089
31161988
38004256
43596085
51852978
10796308
90400373
35344565
70696175
10300192
71519892
18317339
10494185
38034728
24027061
24831186
41833039
32558728
91424739
23350342
29359156
94132602
43598596
73103926
53352622
89297721
78782838
28804073
80401086
10963329
98384051
91789789
57241332
29299230
25486142
14595651
51604769
83487697
10653523
91391038
50139581
34948828
20233721
73595611
65643094
30194133
92161072
14104072
97925250
97261057
84706873
13184566
85460765
73030704
53617138
39409878
51456390
14393194
48216679
67223907
45253774
29141668
17463371
88140795
23285822
48429654
30146096
24882935
29211952
49357770
84647423
23446777
51692215
44677265
91871128
79087128
72542037
65984553
11778720
76505970
53635914
58342676
91184281
86551162
60842466
76462261
62964431
92127392
56641778
54310885
18429138
61083936
61670321
35896809
65422646
37323511
92560785
52965706
48861944
81167809
48951563
98074002
82806128
98044872
44994143
74220662
32200720
70173261
10736943
37665379
43178627
77670196
21938501
26621488
78354351
79602742
95359866
21219285
31396906
86343986
71568073
68202625
85984138
33936419
13203157
20636400
44411874
87300299
59994151
90558155
76544747
91310557
78152270
26446448
42218338
47426926
47229679
20029592
81402383
53673487
89741875
30483153
73438057
81773591
96131697
69394098
96193371
80687201
12549282
76052010
22779327
34213815
81475168
60452102
35009130
54334079
67229211
96956674
50295307
36106282
69287305
44091265
22274461
94977292
17081341
30854458
19779422
28820219
14717926
35697319
92208262
91917994
19654930
11273621
26522558
23350640
35914899
98676976
81339340
31126149
45349953
95709372
98504597
61554153
76149018
97516867
37854427
64678929
94441113
83396824
98898754
41418009
53724166
25654042
40035677
86012012
51459743
14376731
34445893
17163005
85969441
45353914
97659557
81493718
85015372
52162080
26319941
21344175
11233379
37245382
71189478
63634773
18192241
75059985
85723541
34113603
45213495
67773772
85444305
78057839
90967032
25696401
40667151
15217625
50424217
13221952
19668320
37849320
28062811
25540582
50220564
32372931
10033431
12750794
94216246
21106457
22669728
57699960
93275116
48755143
54514973
96753379
71862711
22219959
26905527
61789197
38469390
43228078
56874957
97502672
12176891
19930693
73803418
77114801
76541102
93749586
75814497
81249512
25592740
71022425
51410845
82132572
68380730
78326138
31132644
20008389
15843205
28463422
41805315
65045782
47616012
62638193
92757085
94217465
56935813
58354240
94397353
48518729
70759953
19293680
89640049
67582610
30379673
45370001
74146695
43742908
85096457
68181855
88291458
27653058
20697870
65842609
41400116
44521410
42292719
28213410
31468582
96547982
91346787
77586540
48130819
80484084
85441336
73296932
11696612
78435006
45293391
56340705
34846318
55775188
44363705
92419057
30215007
61839153
77581958
45685068
63086294
21382578
67532164
35204962
36415561
61564759
35195539
28733481
80115267
43179830
81005516
23041470
11999727
90092193
58504129
69180042
37595896
28501306
76631615
40205062
36634124
18711510
63049248
55992277
41254520
85098779
36205731
35424222
58638598
88303145
47604315
30431170
79410146
27641344
18203005
80183973
96188766
76808692
35654086
84616899
86306620
27446240
91895948
53478175
48261378
75279061
94585569
95947567
78895973
45602365
58912743
30373699
34623650
92917035
92442593
37316790
65088038
40529795
99769474
99474408
17987288
26016091
23446238
99307913
53323828
23858950
62412285
42422210
79637781
25077449
72319729
13290713
75947854
35360641
76373544
66010500
57005039
11412302
75748156
57395513
78691951
68444593
17267135
21678547
73952562
14055112
61625321
86192480
93787729
71012791
67964443
39259614
22859867
14873727
50013549
91864769
15643046
39337342
67123409
44107103
96367494
49771832
12905553
75215668
95872790
98602549
12992183
67480774
44665752
83784648
54729833
14157988
70901611
90568745
78819967
20529214
84520041
86647352
83735306
84747709
69489447
51349655
91920280
13945054
72851929
12426151
88771215
89847329
46006292
17477191
59420650
70968951
11160862
80586178
54269410
61968271
96618962
51814104
63863980
17456962
13580120
99716650
26058835
34037944
53558560
38803673
61778627
96109272
49783653
24118341
62184131
48367787
42618333
23764314
36884320
30978146
80659799
49118217
55275301
56418844
40502388
96040755
53700897
73158636
49440428
61013383
27483870
60816413
14115325
31416703
51163764
72099405
13887146
75036731
88093854
95993945
50784207
26199343
90944512
72762033
35893971
95924930
96278715
99656153
60063479
45618987
20667778
13886030
22978438
40661829
94741730
96707991
90614854
47008333
24882696
12505741
12495665
69353897
20973970
50883494
50552039
18008220
77773703
42007511
16899892
30677225
36293665
16695627
77388957
93433224
21041689
65316795
86323893
24091510
53334720
99344609
91444033
64685364
62365686
87906805
89151303
61733923
56935226
27481338
58207841
52729160
24225496
56388900
50999398
18187810
72982860
99362597
67293993
81615213
37969119
44848924
56815012
48299559
24706415
54610409
63014353
31007347
87900360
93335875
21510816
23784851
59065705
36919230
16017124
29974346
14934752
90864108
51599125
57592627
59474306
16812145
26816712
66736757
46220904
39434468
23358165
25976903
71977347
69116885
33961895
79834947
14782519
53265100
64961454
52140987
70598598
77762801
87729888
81374531
15251950
46008588
78554948
63182742
75053225
49622072
14712299
80567564
21365454
99346986
62884366
30822649
84471714
61159798
12136329
88365427
84087399
69083384
64176937
40153593
96673905
72563194
78754245
85991655
13171139
69560221
23779675
37446516
76074653
52664601
62635278
56681278
57261048
83043163
19257573
79534602
46787113
61850921
23036347
39633325
34354772
22869261
12642732
63141846
12453039
31803590
75265787
65650719
72830337
33408636
71075253
93668871
34800550
43446630
80641701
73659470
77293125
96398264
57409797
43482053
14181607
33617981
48635408
76552692
68134736
43759651
62001412
44681137
73360358
94503601
46085817
55370107
40579096
32929551
88433706
28066350
17480616
83927463
12102685
30991118
69675367
11923887
94904545
43434526
38491181
14130856
14003362
99053809
53655099
53525790
58529718
72503045
40975683
42096254
50542606
92411185
68368364
95231149
74316009
32651336
69102258
23079875
52474617
86580718
20961291
77929283
65132761
26506086
60718394
55087776
36679679
95018600
88307259
90828842
97106051
30696349
32647626
56523635
14713771
35628325
38287039
19402857
71939023
97406436
69209560
31765161
41139237
32895901
75773195
31953750
26421288
68404470
44014874
11107335
69782496
52656786
10180020
57733697
80015525
78197158
59503501
20394050
19921027
86506798
81749318
63901331
13437882
82120956
67657768
29336129
92900791
48467450
80548772
90768269
40050679
38652456
43158794
31167190
73734217
10816069
90566034
54179644
57210361
80620843
66502248
51650463
60047098
81747409
14733576
77992451
73280906
82697994
88065865
77111706
54217033
88185915
61226207
61451369
79454722
33103142
83538425
65607364
41744943
70346184
40936627
39787417
44280136
83866550
55820513
61886688
15089992
26389935
94355389
43976550
85321318
55058114
50675538
91953339
62886279
35678894
10817511
15086618
26140924
76520041
92117139
89330465
45124126
26544150
39278970
56234916
63058440
98509842
84065705
94365231
71043963
41135032
14133967
93167428
61493847
87468075
31714067
44612361
59685650
52573758
67238343
87785478
28962663
37310244
97653007
17750362
95504995
30596532
75301549
67250819
17910848
33384485
93172829
38721682
12952571
60004964
58009294
29050927
73709158
89119177
10604195
35765696
50614793
91180866
10431938
72987289
80193817
84336419
87423202
19021831
71258167
63164120
79465588
37837439
49984920
87800312
29647354
74455678
50520629
92825398
19822544
29947570
41234211
91064455
84857987
47977907
49154748
81245457
71605381
62709970
56675575
68053917
91995970
23237259
51799446
29032685
37753891
96031188
92698853
64134892
36233395
11152939
59154379
97442082
43544587
30532236
32818312
77306520
68645089
59501048
79733788
92750959
15814606
54401263
46039777
81603080
16457000
86682839
81237432
64953849
54091684
50728506
83019513
37028826
87562580
74637709
60135775
57087805
99430073
98691803
17397287
12212334
20575511
21464654
59825186
12120267
23663971
13437302
22129695
50885851
52567538
91436690
18029287
18308530
19351640
46048764
98462036
87709456
52562604
40054992
28965148
92928691
92105297
60478062
94775604
31044792
68867358
79208159
46757430
15200829
32138134
16628288
81019372
45212782
69109766
17486275
68302619
45327807
25719600
25188288
76657937
59595180
80405451
52089259
11756656
66966910
93852528
51898932
36335169
76737451
18724657
23873010
18204128
33813708
74775868
49836418
45956101
60876244
91874145
26263437
55937670
57988056
74050955
23234196
25380831
52624328
94403561
47009941
46646088
50097247
94742780
58513957
61581346
39106855
96845123
28516517
54201734
21387779
15786274
57865324
11123568
93347352
59568067
97311616
66937557
78960943
38759662
17299041
82333254
89832411
36612102
91532284
26638730
43924257
95275833
42281768
26116120
60357686
53638612
43299957
77159324
25267613
14928958
52450238
25503889
49239703
16073090
94447246
47347313
30485874
80044722
10999725
42038558
59175051
36954238
89474953
61936273
70614111
24685488
44369798
18562101
11336564
77851001
73781100
70329346
74717896
11502199
68568529
18927403
89109598
11928767
40278135
82564104
11724538
90482489
34615879
23828434
38507742
81436728
27754802
64917043
89886939
61886499
47297164
53778400
81201080
53560155
81472661
86468115
58525628
55941748
99023879
23000143
85390219
46156049
25058179
15102348
32891721
31930105
24738576
18278729
50527168
84565287
92927052
64792793
62362744
28276480
70556761
39231070
19296082
54537596
56406909
40246374
97085554
74096677
58837473
65267097
83867413
89850372
81640765
58314282
45774858
20496613
67211495
68260158
25746124
94653513
18589807
68744569
17646619
98387441
81734120
85116299
70134430
40956556
27138842
38064234
18714877
68265313
82921282
25373989
20991347
36297672
96446823
40133836
29780491
12740257
61209353
58264876
48292716
59761390
38777438
65583286
90118919
44349016
19088129
49531386
64006358
41994239
64255732
59697970
92485479
71814024
55707416
34557236
20575872
97920116
15158082
38978154
10038761
59259623
57086477
84815765
40933448
79162541
66294424
89432013
83981143
20378756
29768994
30952236
52300570
87864484
86655819
87897431
60601026
62962240
76643066
81968225
52799594
78372239
30590628
75434616
14502834
17037540
88616762
51774841
70029689
80092003
67616298
46211441
79434240
34071826
94122246
16283219
97652815
99802449
30932009
26852616
74321048
56815066
35920985
18746669
80384465
30675460
99288079
74190323
29493986
50526484
59926872
10542115
94451856
44680428
97160500
56108588
45142922
82125204
45254940
55518156
14347346
36606886
85063762
25743703
28351920
47056991
93427167
90590520
51110292
16265468
26759017
85656235
34008931
35211999
51038686
41847177
97696345
82951628
98979091
59683458
53682070
58604481
41370246
23309509
91406828
63338794
59548691
43842363
29370523
23415255
44235958
54425888
58991292
31991390
15330433
33778095
33557459
67965377
94717179
53993452
29198216
43395545
82290526
61573733
51420284
98307918
80204882
98585236
76676212
66955776
28673328
58077879
76252686
89782644
59991449
86527213
97407407
26409216
61851739
47551301
11121586
57782054
87475203
49960970
24447615
55963120
93584529
96525266
16007819
16083230
22616745
88290661
25985140
45338147
76790716
47565702
14476165
13368515
64420964
52693788
78890705
32958254
15365792
73379123
69432039
12154273
90892581
58822883
18339303
90309431
36336300
11471357
73246194
69249088
28020246
87208844
24829151
69644003
16688228
57661944
66450622
60329070
20894151
16712282
83971033
21377499
69107407
73215455
35638337
76742253
25172057
91032208
27763714
88412634
94768157
89354468
84036149
50478719
31947208
96994101
33120385
56277674
57089779
35449939
32271081
86648808
30158800
84306133
29976821
15642140
90660185
74912133
41051719
33377678
13149277
92474165
14001869
17036733
26230055
78629820
56496236
16301193
71293628
78284012
57014759
48953709
17110547
40281293
48536311
17906557
55639613
87482786
36248643
87601616
22468452
20838981
29018132
94853682
95670911
29929114
93508989
97609639
54262892
52849623
13462253
57984399
77606715
44875122
93270685
15665686
99394222
99952078
66160589
95134816
16072700
53800257
68349501
92679411
22930555
68260361
61257193
30360943
64899620
74343563
36665712
70568006
70335029
77415793
54083093
57824242
48619576
44823345
53750284
30935744
94765129
20415106
89770244
31910747
38996940
85440921
91130578
34235894
93865775
23032337
28758225
81568022
98148492
65451158
93519065
66203182
32665111
27190420
96496722
24916629
45089772
72665301
68145674
64258423
98574478
12938881
42218589
88995188
22852942
23270920
19251972
29616243
47960807
84934684
17194892
25293224
55551895
68147183
86307489
23601239
51807872
48889803
10574873
30787759
38708550
48062594
86560708
27297578
84230437
70546339
86808573
65418991
61202178
46220520
20397331
54814805
29952418
26675414
49966180
45435685
16149111
51636905
98668259
70180927
56161566
90628612
14102272
92185490
37711231
53273226
32915668
93699396
37486106
20609490
86796387
44133289
17776270
36660738
92304187
13079922
13910162
25658417
78258094
88383058
62334153
85491155
66387234
97346702
86654030
36544050
91822176
31242946
79921361
20740166
63112740
88796446
33345622
27548932
27596258
70968229
98007257
22577223
41536080
24813805
54706309
92227016
59445557
99872439
86837380
25933518
17134194
34322171
50586033
47091999
74394878
17021382
92153872
38930503
60119855
36501466
38807559
51305244
87683048
29012134
84126463
62610721
19215023
37686230
69303718
16524796
14072129
20478344
15212442
20528847
81747080
56931384
62651690
68547084
99725653
75557276
25893017
88946492
53102858
49505109
65124883
53175324
80303872
51860397
38525360
18445013
79796257
78538735
50363194
14200085
44987574
27489586
64345478
84171258
13114066
27759316
67409284
59374335
27786828
28230133
67100127
49413730
20627623
33649334
96608159
92877035
74060389
13132304
57141697
77137542
10215586
70779494
18487494
57478539
84365105
72629307
82004945
80390273
44770262
53589270
85326705
75740537
55327773
28308921
19352399
96803438
78010066
45982874
69770062
40322265
63256051
79773792
78253470
90458277
70589160
66186158
47070956
37197211
96657836
18922104
77072926
22334656
38386989
91581093
50258631
84923699
30099272
32428483
55983468
12272009
15917071
79907642
94798870
54429587
97641991
13297300
95811583
59041615
64458604
80315805
56864114
60847628
47659155
10340790
43575263
47363895
92861701
62923815
44143672
99896091
40750080
99336165
59350626
10107661
52003558
86099667
54048824
23884871
71883165
39048673
98647801
20231418
53349977
99099627
36464907
96652113
14642979
95791905
38678847
13321683
25468294
28197392
87490166
29625566
13351735
36943952
63557109
40692108
49405462
53057817
45629224
63697654
50087110
40926246
56073850
94999856
69974553
86612147
76495847
65309760
24910237
40864285
12949288
45280634
12971077
68325225
89534237
25380820
82294344
14322334
58767470
55440099
85344096
67943161
13299384
93440804
55731206
54253196
16177443
14250378
10934767
95419936
80683684
32405752
11073929
25408925
42185559
41273741
11057208
79001958
97242842
79195366
42130237
20125554
73780278
32039920
31729743
32245015
77685656
29947581
64534858
46315147
18472034
88296953
99062992
18259455
80962704
73227390
41369711
79699820
15892743
39829021
24311839
85399731
16048799
34330699
83830060
26578429
91334751
88280035
50965948
34595618
56136996
56197014
64120989
88332879
31192973
57180662
66722609
41452901
70390214
68474302
16898616
16026758
42322023
85207417
35796942
18556980
63440844
57936192
65251444
19931470
26143357
97397552
47686958
16734828
62140019
99780761
86501925
61013870
13121957
67754498
88945490
80733952
80102404
85349207
13349281
39238277
55368428
94803776
43918661
33207512
10167543
50797020
31254294
36025071
96326926
71757574
51761113
10548556
91889433
74620290
10580033
36099379
13873905
60323453
69333127
99888407
46971581
31870564
44552749
77149304
28881597
71005286
44480649
10997184
50013511
39329787
92383313
30763495
98450320
29076975
72522949
94985397
74834281
62088375
48675894
87644761
50716507
66081537
34574393
72558809
43519250
77274881
36856769
17296345
33313005
69220866
69530154
10104715
55050912
54809080
77587719
46637282
30352139
15181476
24799083
17113687
24400294
16627440
57025741
20448288
46582845
66684994
96020889
17483633
27365500
19728364
39666869
18066783
53723867
81690517
29046655
90457374
13067158
89451114
41281249
80196859
62268289
72890057
71313316
36967597
50386128
60913083
93189546
84146103
51323388
56763531
32542085
17774909
28037066
84010358
60841818
43450690
40801825
90533431
34748140
56149234
53029886
25934792
39906459
59841961
99236600
39739163
33457998
55702239
61245074
50186981
67557133
13737823
29119539
69919101
49763319
37679182
66048670
58742635
42077692
43791211
95214338
23835618
48939399
16805153
18126371
35743296
10369448
25075157
15442630
99793362
64591761
72036486
55410713
85271923
47621381
23109149
93827964
83407832
41626753
62970258
63611979
15116008
61843933
32998115
59283179
88600047
24634138
89156032
47735995
62380942
90360705
15014067
17623339
92294832
91378582
74865523
41615710
58360534
68758398
64525876
95236712
20974249
87686063
95578769
20404793
21349943
71776348
50777829
89917874
29015618
24520319
37367008
89485576
34654857
22656759
73983459
65631648
25312271
61781303
87260183
25713019
36768302
63098100
89444977
75184482
54497190
35694103
41610470
68161966
57049992
46968668
48954709
88893564
20922201
28262334
67418783
31827460
44862549
24576895
42755277
30565375
56902666
43319000
53353996
52810072
69342768
69287884
19072732
35718343
37579274
38378869
66067982
39113763
57411719
15506624
90835350
68484324
77371327
50647581
42735401
87571586
52241579
18776953
33193254
96395216
43672658
83755453
77893788
97628975
15379178
51332799
25818410
66028706
46352847
51693787
14761638
62116195
12497344
92260560
10397757
33355980
10018942
64593126
60339261
99588985
68530467
13391138
10824253
24106413
60516762
94496912
75856237
46410071
88631653
60023724
27483065
11329199
42159784
82252688
44170024
95327645
54108615
12947038
96505228
18023531
74159479
90791115
39958341
12753172
79454554
77885118
24238535
71334271
90285660
30290186
88213769
34078276
70076480
17965944
81323093
78970196
38979786
72843242
18499718
69072851
23919325
94333915
19396687
96687114
13689710
27331794
47315642
25519267
59234861
15843030
32102224
81380262
65116957
22885590
66833114
10982021
48333132
34030149
13414422
26856258
48997118
36662561
53452107
53680118
49423389
73226180
97250364
47541484
49947272
97518660
79666501
24832433
79246639
82849428
87240236
67061145
46085852
24910011
32675179
42591701
64496524
11984445
41388727
58611200
80933146
82154617
25854308
77705964
85571789
39827803
96840542
70759362
43023203
29433673
41872328
36706603
67317680
91283467
96069831
58915936
98623167
74926914
31373440
77493706
87149479
92509116
88501137
22619908
40063975
49007479
95270538
50836958
98364359
84778175
31753420
29073361
13084954
97740919
89726046
80779280
19529337
14780355
26303927
46230780
55156132
50681494
22536602
44141601
47968453
25887946
75586436
18491220
79298927
27613806
36761390
21237963
12727646
62028070
13681225
85086352
20927201
27792146
62498302
14622905
18823502
89534109
59062180
33072488
83637343
81443153
44311502
16703563
67621585
98270770
22027094
55976798
94944560
96296297
16456861
46322233
95653773
62941377
40058640
25202471
64633490
92427824
23799759
89351632
65035211
15992838
63626550
13429880
93920399
50133705
20428931
92481473
93791269
21095910
59994819
54178051
57474124
77074110
22571220
94250912
51830058
92474708
83198993
91989093
40969029
37408894
19239466
11919348
51791415
98342964
50032489
66047405
77215411
95956298
17962432
32530403
51909912
46159468
30521374
79302024
83984684
54993541
89105398
46443369
70864773
63483097
93264950
58738065
78699529
70443608
30410825
81226100
93775740
74572233
51988526
77967290
12463557
49600101
77977841
26373528
29327548
78461290
31591174
33539102
85442399
21235782
28297784
92705047
77685301
45636798
79767759
28962157
94001231
48526699
17706816
52843534
20070156
43549470
84531959
99208640
78904708
19227778
23688369
44866709
40681347
82466679
20761266
67233817
45458019
32627565
48539668
66763973
56567961
26101236
82151986
48204095
10689590
46748518
65053825
13503430
72670390
95675682
12466379
91707776
42577395
72956923
95826755
53122386
22539298
36727672
23783444
64146081
58909646
83250241
60658637
14566889
51462962
12664700
52529727
85459733
78651227
48970440
30539550
15089991
82221018
86500552
95905017
20964830
12432910
29923032
57597121
92981185
30595650
74837104
42926355
67718083
60516383
47213517
16370295
65006464
68107359
68702422
35426905
46394170
20614380
11058477
11966878
48795578
62324537
78653651
71298330
12673186
28257531
28836324
21619942
21237098
29535476
35465705
81785825
84351132
29607794
39957953
90692612
97422260
26905286
92244845
53359322
43361052
73123759
52676723
66458199
68542961
18855284
68494067
43955605
14615286
94284993
11159833
74500214
29717854
32130539
14308170
79540315
73338687
70219907
95328738
76732618
27018272
46432407
82185080
51967199
62819445
58629432
87145997
49947024
50515862
94219051
25946623
31279851
77170938
29782991
66234457
16163437
15057407
13091569
36324228
83414256
77553147
41556151
22429145
78998684
59573555
81470292
65554151
26679106
18087352
16513750
24743874
62651533
90887080
69832779
43335367
36000471
48777405
68421190
12573258
41849560
31448222
15617091
35927635
43989543
31778045
34245317
67120432
49538976
52619821
42858125
10456950
92293929
83211210
14123418
43851002
34744401
86125033
52643574
99384114
48308042
22533753
69143939
46031988
96991088
18223062
83356864
80861607
27128595
88308056
33662990
54806253
14590196
51956247
21123922
69982822
20020811
54265717
35944045
40523790
92275572
76566380
53985183
56772119
93122826
29356373
71225851
76184717
93928205
17409041
32591646
50534134
48713353
49941557
53227982
14906130
42038356
25293552
76152516
89887188
95528928
68055199
21313235
65834576
84898454
10903356
61088220
78511192
68809277
40873009
13170087
83464632
30828796
65810440
88617364
61281785
92231395
55929005
97264657
93875189
54758897
49385814
70069636
63885058
13769026
32082201
79722134
31970164
27621072
53218446
35890650
64100048
32678940
67847055
61044474
48044922
50365117
78591383
35282537
28293557
14918465
48760837
20545793
73086968
54447633
86904920
20836187
23220056
79772127
87427151
19740065
71063282
76241227
81596975
17615752
72373847
22022497
15189305
22608454
87674686
30899815
12910462
96837017
80467131
92156091
83413750
86856063
88724625
52880042
68593227
91377300
12266828
22696703
84316059
19972677
43977708
88049205
72497839
91623668
35815927
44556465
93046338
38714120
83849307
63848349
48352506
98549116
68489271
48281588
80698717
55070722
13455115
17844506
70492184
12395185
75138744
63379422
70110175
92576105
49322748
81134254
69583195
49287177
25619234
33701907
93204849
24460886
27770234
81200291
44798109
39085530
75869023
78285515
71942807
66456870
71946867
73400225
21432462
86533480
43653503
79523180
69229521
68838158
84702034
81334521
29234070
14483111
57087956
17616486
96901409
79782644
72479191
80768022
51869820
36654150
90114837
53098592
51187490
47047075
80035927
15547162
91333646
22006249
52744288
23180867
49612152
69295820
85959539
61338347
45096520
50840693
13393653
84469205
67469854
32449222
90218193
78724736
40199219
65105829
29884087
32401422
91512332
88596046
23874820
44286945
85252901
97456619
13238565
88772576
58924380
11409756
27389480
11544663
48590319
53127542
96797611
63415508
43764843
19698266
37871838
61618620
78531526
71669872
43696492
39060709
11525468
16978610
87106654
62120241
73720139
38876611
56001237
61270755
95114202
83958144
35708217
55266781
83398205
10023112
18935921
16291104
95295147
41500741
55928922
40487828
53579838
93824706
98046883
35563531
84730393
88418482
56454141
76872481
96906223
12543373
56276011
24575200
95242002
20476157
24118329
13803205
65337414
33542189
41280601
62516826
12775100
71590526
56242785
89534843
14922320
87786103
38168057
14911783
25493648
76978702
63786488
96886633
86937151
16628115
74792396
57422328
67796693
43129835
46657704
98679834
10455904
51984542
50519305
36314220
25129808
99312423
71888749
27527101
15962644
21796866
58955894
81018831
35735428
89853917
77598253
79840238
46789640
59237858
81802209
64590943
38849168
58290898
86214573
32425996
11784472
16604073
59139824
89395207
38454409
72820539
17469723
87301980
11896753
18954459
97684476
22920802
14799217
69271133
29150960
96097556
58977847
44884490
18299073
24756966
61291950
63064225
23737344
81025756
24759463
10182962
30568520
79342932
33703646
53447121
94300483
76470974
41830934
85175781
28463763
50070963
18363811
77134031
88768764
49086567
55950115
20297450
79289623
43434059
96336920
98507591
26777233
56315378
18134713
16188529
69060917
94162153
43205847
85306866
42712621
26612780
38293587
43210333
82727618
80091488
62552225
72798807
58318226
58391360
52723351
35472089
12023116
48670527
59996525
46165400
15774133
94415377
25419728
62434667
48863537
60334045
66413550
51847102
42783695
90102372
79447493
47477496
42270430
27185616
65294523
73354393
96580087
81335248
65129501
85038482
30361421
73517814
63541532
77351676
69566560
96937430
90691974
17815986
24865583
17372607
47672967
83098238
77212993
95373124
48529326
85236164
61841333
28198915
66526593
12719717
57790498
38446450
44457211
86263972
28264192
86520783
36844957
75722005
86064329
73897117
49390885
10981048
98097953
74657055
35301103
89592403
50593598
88429565
47355796
73781949
47528828
93495061
50583649
88689591
75863950
44024240
21489258
64601710
70385189
98084238
58906389
41691252
85581837
10195356
11125866
44039575
97528542
90594533
90263657
11354663
87901405
27977205
31628058
59740303
96219444
13570386
75785016
60691475
79798214
54054607
42383212
79877375
28533145
48436330
75723009
23533200
24055954
89856787
73992998
43079403
19312083
98092827
61047958
33193059
21893728
18490214
36667574
48093518
33560423
21988029
28095364
93942047
76737298
68086518
65361611
15609879
94382063
31057542
15925052
63232525
69903730
60152230
26882231
68025995
49724323
15486324
55182053
51183491
56538172
66387765
61521594
43631547
21535813
31471174
80015476
20009673
51493260
57393327
72946107
16900804
52716450
59159907
50016098
59872866
66988231
35371076
64238915
89736543
47756643
35488171
10390174
16884474
49609136
91987636
68560700
89302741
67432966
85110778
43526606
39572766
18276895
59020427
37189755
89159024
44246857
27131843
23855011
44615918
85930276
65447762
20525106
91759263
79994212
65030548
67374683
29143190
90023559
41976628
36971906
98998113
68791100
33917945
17532302
29696510
44847908
27601946
48447547
24747877
57296858
65025419
99342210
18033002
39688105
72931856
62394289
59942288
38769071
39599024
16000719
94305131
72722139
90851303
38804610
44918746
47641298
87801303
36919933
34964583
60932784
85601239
11849567
36946776
67833527
70118666
71146687
57067773
71387255
31459750
45898039
70375020
52634134
26449436
35503893
76229054
19904758
41504987
18000933
54706013
12907892
22898867
34004864
72358686
12787985
93328274
77800421
70240928
60874038
91194363
41547130
38976891
27850915
67603597
98133664
39224168
72443671
90932458
60580362
86616469
73249869
64586409
63597945
26028848
35247674
59353154
91868531
35914972
87254954
25817573
44146406
51534959
78245981
92430385
35920842
54481536
97831545
39690697
59856140
81676689
99924168
31024174
53435236
38283504
89848517
18821747
39363638
50813048
16795155
63053196
38894417
71690985
85491970
61420736
84142171
76771984
66876476
13135847
95888545
89027435
83311643
61473789
97588590
21583421
30449746
29915360
96461653
81333009
61188272
38631851
64701120
66979287
11773529
87514410
40800455
53889575
40120458
98071076
62856859
46757408
73405354
30567702
82266248
28007916
99064232
99848898
31279262
98617188
25570201
54173916
91307362
59302819
49096341
62153005
41778135
68520805
30381153
56204052
55612111
81086435
30816913
64662922
11744018
18964400
54029148
37689787
87350983
13502447
45440914
20650050
97735554
75513175
11901897
56583965
80056569
77897792
99453601
11320408
75611304
43602457
33151594
28882082
91568196
56494117
44266073
22106371
82416581
23907094
57876497
16871977
27389677
98958238
18993559
48121709
55711655
22858656
31201021
51382867
80272636
90498604
84334794
49366181
69681410
72489573
81607802
88955660
15205249
10243794
60511010
45711066
28291103
55319322
67652868
90698713
92302907
79519042
70016059
93787907
52255039
53572408
23383758
73745260
21043716
45294541
70817702
48906230
28108333
25095470
63250873
22936070
60456117
76672320
48908637
73249947
72671820
96675710
83941077
42751997
88484014
46795971
14248263
48621215
29150749
53676316
36622474
21066560
18563720
95419564
49325991
23453877
97073865
57396925
85775638
26865759
51746142
26124271
79779329
78645718
95357309
66845471
86864098
96161971
51680852
30193822
81419513
60101120
60320436
29510835
54434110
98573577
97380602
76381320
47841125
11320084
92768729
47813910
85816821
47632305
23226807
71693121
42889980
90509696
60153125
12330121
36456830
27298800
70729232
39241626
85730432
68666988
76754605
88162363
21312508
96000120
59424958
69007337
49901199
54414007
55335961
96808665
73786428
11658937
77368348
15466318
17188615
56374918
21664081
40611887
12764150
86635171
54975937
59365649
84125805
48538038
64468183
18311861
14338386
64798646
95765740
87661494
40187652
93930134
54871545
89849342
73838316
53253674
41292368
54272101
46851362
62183624
29872911
49016741
46385899
88950784
55493167
10145537
40396032
81927509
35051976
59288678
71768690
35471209
75595180
59538725
34148949
45616621
22778671
34817019
78103853
76960491
55879206
26441804
47964248
45112532
83253875
58326413
95908136
69471501
46537976
74188905
93908216
55756556
20219245
12580489
33661521
98046847
58197501
59551791
92509443
28933064
22875879
86456361
38342757
20677671
49707622
83902289
25987589
30405988
99219366
84194550
58064467
13652032
38058365
37592776
36026475
64127308
94597322
55102570
94237998
12198416
79344871
64262261
80291133
54677057
80584595
36570862
47872276
67597800
64118606
27804681
99377115
54405183
43214236
19567836
93263333
66459974
33286117
60997930
94941147
70279723
28618606
25617154
30422753
65267469
34301338
26760908
67880165
66229886
44800515
21882810
79521251
93252801
94209302
53824476
37562874
39462404
63909674
26163927
66872834
44481367
17179995
22240774
34095479
71195518
64265573
45755152
43759978
17393004
19292582
77361726
19404464
33900113
43728658
14178012
25263554
50599610
85038490
20888868
47340664
73297678
36902518
20421893
92316552
14503314
90730107
33608478
39261002
28904819
19090386
13240316
88654929
55746178
72651029
91815621
89837506
75128078
35127044
12298037
15203526
71564383
29561829
65070942
66508610
10265242
73021677
26148262
56712158
57227579
16887183
91909250
49928772
90843474
12561947
90898973
60035432
70932342
95872804
14126184
69686763
22509583
63217799
44101674
64184594
21184246
35897267
17399302
11052318
50061349
56246895
51295880
75128796
59370775
94953553
15567208
79204876
87116735
72415306
21449615
83252844
39353652
35017411
47671525
50929823
18501244
17781016
43724056
51278410
14678404
87606976
27349873
21205192
98184952
31709886
20101297
32946918
69168815
44265362
75436675
66717718
36314807
76751453
10946103
55165503
53935325
36731063
57194985
96226525
23158398
12851977
76555536
88789387
46080193
17446439
25736509
68942408
64435388
64752764
10901205
76827239
41303183
63952026
59833766
93271067
75455918
29960742
35727433
29966031
38417825
56151557
51985385
43783274
88221699
98806919
89164226
21471691
49138798
34252898
57479046
39268215
53048918
20964445
90545291
86062731
74155915
62702122
18945389
91881272
89076108
21961552
66857598
68898937
44968460
33535164
26213808
66970547
19106559
98913485
13004477
20743930
30364262
11041965
39189271
18554646
56360033
47479297
67474591
31747192
38089567
44610134
11899694
18491711
87682429
99481326
44968360
56976888
58743219
16175014
90241408
41013993
79102240
58948641
33271557
34690185
66855043
74511471
73497388
70991774
35879093
21184853
82129889
13817049
80613123
71272134
55029095
78742335
28219883
28837390
48490701
14173601
87333652
18326268
22668224
53786380
80570407
44573445
99866038
19890147
22560041
43272318
51509885
28297396
12738060
64526598
17157833
53220013
70466555
75604281
44808374
69590494
77546964
68562029
78073554
24539178
66201158
27179161
32770993
72184859
87958832
69305394
51692347
56395675
72824760
36116129
23956240
83251091
28880311
44038143
11797695
80605151
35008741
67414816
37877651
50455853
21416684
86107796
46193446
29144340
15667400
52032719
40785399
92843164
27614302
72251559
31678500
50923189
74256606
86735313
19298013
79192870
80950628
71080735
96600523
95596381
64030890
10191616
59069653
27308893
23778848
80811944
49340488
60799595
19243049
35620999
97432557
50337062
31666756
93880987
77067253
89983311
11529278
24213498
92892899
23174932
18633189
59451308
11068120
45481738
54520564
24163057
68437289
22718598
21647853
15702345
16401014
79058450
80536744
85773912
16201739
43304599
72926480
51332864
93464150
14724948
90085649
43910880
44744302
66572955
33357325
10947475
98802987
65078358
74374180
58171618
25023923
14487402
56104450
88400265
25730561
34211889
67244316
23270179
18581517
90639648
34944705
56260942
75848767
14767014
94329443
48604116
59483479
45007180
84637112
20390588
34773147
45791282
56239194
73132015
61092524
83885043
18170331
92410376
42603213
14570913
71587703
55120658
92214409
96453821
42426090
74147781
98775019
60087571
79367310
61569889
68810123
88520351
95492573
34787879
60165585
92143025
17983901
56367546
99514768
16865032
14043096
96273617
13934383
51909114
10915559
52642166
45695423
41181533
55538669
79322232
87021524
21465513
25269359
95362215
73664585
39049613
41383474
52770610
46272051
97337054
88694401
57618223
41458790
11058266
16289382
30866109
35238928
10978840
80678161
19527319
14840372
83764428
20772712
66804175
88235645
52533960
12459777
71862963
87782746
59251076
32143521
76048840
26480997
81630291
50810215
70901619
88179961
85247251
58552399
88720068
68839297
48971973
25621821
62246145
82366778
96175801
20265474
81509732
14288064
70963835
34242730
80785759
78909968
49751810
81696688
19812894
59108004
32470010
49120277
52461968
32307113
83007929
99201876
30800181
82242489
26077721
94759286
33297681
22107087
74043910
13111033
47408305
87005498
53466844
38623750
21123235
64996339
32016123
17757489
76736095
17689184
14348340
31212548
31081916
44745519
92718592
68797751
86450014
48380112
42206797
29979398
27365297
26847863
82703818
16420697
52145453
51082062
56151405
69784497
16348487
81719514
55851838
19153921
51818212
19850746
96868328
66406306
21856547
74538682
71425170
96483742
87700274
53072572
87965452
52593946
54108000
72571011
50679089
18990125
74570278
45865642
28927232
57717010
78062431
75166784
87434780
54333084
62921529
94448343
96205360
59866796
36020654
14766307
82946877
23147014
74304224
67542618
10222133
80154713
29432060
72527322
10993320
19174409
36411397
22118669
25489813
94954746
18308937
23686743
93741272
66249349
21913178
24599918
74185194
74751092
14503477
66329065
47016052
91601098
27521994
75705919
78168892
65362289
32793752
55899891
71597397
17145594
40973819
63360087
99059229
54323390
44348931
14644024
43167469
25097310
70726307
17450009
13306553
29597103
39649686
75734778
26017388
51644840
58046833
27714015
40480407
33217071
48891444
98299262
15236572
11943341
74150447
64429350
32786554
48905743
30174449
97760627
71293944
68574843
34058150
89185796
31095311
18579604
64583502
98355492
97962888
57320206
77223256
98247236
47387865
70317226
33580995
21260482
19458917
69343999
24435657
86829836
97185097
86791733
55032945
59761816
20127084
88424586
54013424
52977315
50683691
90791298
37960385
98477499
80815370
58962644
75375418
46402176
81508700
71122671
88904250
34313997
85493508
44383106
50215465
78407452
60892397
22439903
18339011
44348869
60979250
77151763
86563520
17425598
27797732
51596266
87354929
26058624
35161846
82640854
96233582
78913467
84750395
78778006
41041104
55500287
30088217
39404631
40290733
41218242
44925665
69333073
46861391
91794437
41995373
43843107
21082876
17284207
16816027
11179626
51047040
89846158
54252830
24265428
98451710
72236671
79116238
63301059
90466954
57899354
51097180
44045958
76538473
35482129
59063462
96614742
49304325
87043234
98794930
95380835
16159320
43350074
24362716
44439045
72790078
80780642
62074679
30714517
94502801
28849825
37109379
21912741
30342408
98827863
15177783
53642158
48364816
29553819
71411083
52092371
63465280
93997270
93772156
82313065
97343827
87150291
65172227
62322525
63792430
15734705
34166830
90251589
22870563
65138391
87397849
22312732
78915616
29610886
23538911
36682816
34782022
97231607
73235789
24333776
63901684
51156182
49352911
21749041
89113503
75539140
89266930
32394171
10140840
59281563
14338086
24137555
84329391
89680825
54076450
65101678
43508225
25996190
87585419
70896056
55340223
19258012
40580408
67648310
11912967
24533289
98435193
32040124
37400813
58948983
19885405
39798839
24363851
38263038
70488431
60194400
96800853
73560901
54933169
89257837
54145639
37909631
19052652
15633839
17368482
41510233
70856896
88430876
65915085
17360510
85579854
23648575
48084350
35791977
95630409
92482567
37576782
55542387
30865780
61812508
28038095
99502014
86210256
38873916
73861833
45786317
80892788
61705640
32659271
71434830
48415624
45731023
58724997
47060695
40960827
87905206
38921760
21154575
40275510
98961951
17499343
25478653
16570960
20155264
84684748
87584002
16815119
15920828
47874382
49794349
81048198
66441168
86639277
59973585
58062460
92770210
96276714
57071193
56622525
93929369
84607064
34091259
18897427
76934992
30127335
72395091
92207526
11426355
86031170
43730047
64081584
29602731
69174754
32629993
56329412
23551517
92139288
53573823
10399599
73480428
58679974
95370153
51252941
45523909
17931696
20983705
58375910
36799533
92481277
13293155
14861070
36175700
78410790
36445870
20015061
93742079
22892038
62563546
46567760
41789955
84127000
86810336
77390916
19610800
34614897
60022239
41719341
30505293
31445836
56176880
85263166
67959604
74928994
33971361
62866368
79187666
47181537
58138860
75537678
45283404
40940534
92693973
35089619
16324415
92846687
28212871
40289501
45677118
73543680
89954144
30342901
15171346
52255300
98997901
97879872
17088655
91143767
75864537
40763053
32692523
13644622
76562442
24407391
64045863
80785778
94576104
30456036
66161886
70890870
76826784
48189789
83370948
18168570
10502000
75369970
75287874
68305285
73289645
87372532
97637028
98148591
18881306
95324222
49267224
27953241
23666952
40236001
41047221
65367326
90333973
96426078
32310668
29745832
28093672
29090198
70307139
62519895
98353963
26321434
93636884
74044560
80237663
10824842
57611031
17514247
78949604
74786798
31518728
98030811
22227295
78065591
26327780
37258109
90008771
94574489
92463531
51691443
44670749
64606748
17539882
40620482
69538776
95925327
43526152
97059259
87935855
48919101
70949153
19983968
75924351
62045694
30150791
64241747
73135602
12743922
77147800
32645001
96971190
27918748
32168321
56196389
81123557
51130662
86398165
83971066
44087951
42848787
29290399
75806848
74568013
31648195
46883156
77083513
41654239
33029009
87521255
86162245
71973025
18792663
63369855
17350959
70886101
80814731
58432716
17488139
92909781
98326586
42620614
77844891
84089499
82068981
53167338
64820588
58340876
43194113
98422750
46987545
89563284
87715697
56532941
67568162
87336237
18284497
95495914
22281542
63456654
77894614
10619443
45911668
55987337
33626663
22277918
21258366
58845440
72595766
90328839
39440586
64785064
20002364
48312395
50538563
99213114
46119986
97229313
16686020
81250501
66415745
85706821
47865256
61172665
90354129
82365155
57212066
60608611
69070080
77612947
80583024
32756736
10152477
34386754
52286780
56008096
26774537
47541380
35047641
21019639
64533863
69521650
42193152
80829664
38852028
13858731
46737138
95429874
95031527
56685124
39093534
94708322
36174512
33094885
34669258
48700670
84461386
46560416
73122892
81066777
48478545
65743194
26341250
70973142
85843355
63969619
77633877
26594209
28859502
43064516
91966794
60626049
63179092
28648972
27611863
72364140
95108163
91132025
98937258
14759309
18889207
68896194
36252630
16226453
56821053
24198027
31130988
57044751
96025088
15786694
29890222
76160324
64702160
34781747
70146448
75728580
67324510
90486679
80334424
42975140
86928591
53457859
11631888
81035403
33958877
86217139
16417464
80909415
77557068
84311025
59821374
73683174
41611504
59710718
16002907
91820515
42797995
73873648
89254263
86753633
63647111
23064981
31643934
23428177
77217104
19934398
54136434
60086481
35209090
30003259
57538705
41338163
45402861
42502748
15587544
58226978
88156275
72859588
14321979
86727222
33159092
67691370
39160192
10770417
98207855
21321944
63930552
47296198
29456884
96104958
83087969
95043344
21506730
68920446
31461856
97965194
63060155
99140722
95258636
41033201
39143904
81494425
95875560
64006713
15445465
57457276
76547834
37729201
47765111
83212517
71953806
97119251
98394740
49063629
61800882
79801957
52447434
68074424
96103809
24080546
74325704
64833603
26062040
97251742
40382257
37050518
76027053
92433885
14204362
20965187
64467868
42632615
38122258
44941687
76863254
78083646
46882464
85366684
66566997
12151310
26564529
10543733
97810664
97793649
24231100
91361837
34503346
94534782
37239202
10952391
25673337
94200524
68474749
23776244
72445986
29647682
53993044
64844301
80262730
29025435
22464575
60495395
24394207
66852135
29133244
85639063
29345424
79926234
56032048
42235005
25272945
37332849
43423949
75026204
44624609
67457547
91859056
18378468
77820160
20854253
32731483
41951120
21979861
47264836
11075674
66870098
93381422
14593244
24932882
77591961
40251117
18623626
15208470
35381410
96181059
19659335
27027591
59568677
10029200
44261558
71137772
87123895
94466663
47138132
54270344
88527775
57443651
85169368
58840564
63461173
57082215
37067357
14891058
11811048
51336502
46227815
17687283
92763202
46319579
50913509
60742186
42499054
23351533
76447432
99998576
38935181
75942996
37834383
76796205
54986846
78394538
87508936
92881633
60777431
26988505
90948467
88541492
96161400
62566496
43586400
12033794
42016394
53623024
92720205
23055819
52182714
22435431
49078157
71004485
70470493
10523980
91070873
56279708
26662909
75962010
72468837
24193889
40007746
57003575
16487387
90625135
43213017
67998706
76137985
54355030
44686623
87165154
98325366
53222006
80091771
79175140
48046830
78512417
17742305
36731907
88742100
44808204
15502171
67075656
35836581
70800202
92275187
31460771
20007312
50915696
26519849
10288608
22683198
17727496
17950264
15311169
46411770
54751817
97550852
24999582
81127846
39857036
98372527
33045910
60713220
69095090
51881898
64127041
49069472
67713775
95403943
40283014
55872716
35806658
45904612
81466981
44362035
41057875
52173759
97908841
42037561
94327010
48354540
36869198
36584656
26842803
64866846
64896689
32646096
79547165
86185665
32804351
96978146
69343915
68232702
20494066
28578092
80540290
24239742
36069310
87863896
81390407
32191968
17898079
29736185
27332960
19244724
42212657
42674210
53604246
58297001
35157077
33663338
49275034
34514899
14989937
39084583
94141535
46308781
56370029
19746604
59895496
21158922
59620172
39190731
37651477
58857939
14160428
56613383
99661920
58463232
94399258
37001268
37474214
39285958
81164447
31194584
80317115
94852410
69990467
93549625
45856404
17872422
71034441
59541047
54269245
12243356
81172119
34020568
44362607
61642632
32897533
89808469
70718053
45822782
59663799
38600690
86367602
57406688
31710024
47979090
81258104
52925565
41974764
51714539
60127153
50572333
23629163
82282020
94406102
82181071
21984883
58969393
47247932
76067777
93884154
21762145
46724293
15863663
25762463
12950146
49660316
14581454
56465328
63143418
32395043
93303848
55459560
22246097
53801656
25746146
52070826
19923830
25658378
18868948
43791365
88661722
86259539
42529115
41933447
27297493
66664137
81801891
95969266
15101777
20688326
70085331
48000643
66361349
85279051
56593881
25094245
94999560
33400654
80365998
50827609
84753488
73082778
42054562
68337300
79906308
72480235
54479221
49852699
66800375
20308071
12257470
18572618
78568606
81917489
63855061
62342603
30913225
85644558
90772146
84057301
30294288
93017354
71858596
18785722
82480612
82148371
93723105
54666958
53056312
85583581
32078145
39149746
44283447
62986276
19468590
89972250
38208569
27664913
46091311
49075496
33117566
14808843
55616249
47510866
55801006
21226879
99313552
65129360
59929642
37578293
73493698
16314085
59958116
60560872
50870058
46956480
80292695
68772615
46313461
89087707
71362816
47225396
31921139
52312927
28401116
32749255
49306410
82294453
67410108
63570023
81896085
64489547
81840009
25344475
65376631
68905526
54812950
32370768
71552470
19188739
77196200
97314728
31582711
46880725
52846593
40170320
48161065
27544797
73726114
62711405
60232316
57466853
89875074
26563792
18743658
81080031
30890815
86608860
72091882
47568769
65964298
52102818
75777612
49022934
54068471
82231122
94518029
86994315
59635605
27032755
53982497
35619680
79622734
33157269
36664009
43123426
68753059
47557171
56858685
31656303
13056349
13787653
17209808
92550576
43616695
31238665
42775577
89051845
85606854
51214608
40498432
46622459
26698692
53449566
74093301
26229350
11299037
97182252
37971777
50879104
77119860
62642550
43668458
30571393
68205841
98214422
51229894
98239747
89922360
63794482
72652270
21413963
61952648
46888455
35233558
84243086
65026774
90199578
89394688
75204607
38710085
61115388
26332823
63915945
16834682
23461721
95919667
21561963
46090997
59045073
36746188
67373193
91914194
63888652
60296632
77336488
16469042
29397996
12708513
52907506
13684006
17900675
48333758
21385719
78243049
51363053
46791087
14102850
23495869
97357575
69433640
46860247
75003162
77944274
46643077
41241132
76846234
74936419
67701900
75424515
13572951
93789940
25662347
88866894
75329991
87499492
33551725
16744789
89281751
77193229
50154244
72322252
49768308
50945441
45866036
55588274
83971540
38247126
14197344
96680655
85635576
63312985
83749767
81116520
30790163
75419579
27353139
98213437
63790849
84030386
70022933
94457926
58908048
72375809
52025323
60478071
97192543
91493958
87875487
25500416
96478764
21848779
45215644
80516032
80136555
64973073
17372946
89707017
49989769
72196483
45903081
81222105
32229905
12710510
71968166
94252664
46582245
68142050
59970385
95656669
49054796
36566078
17649014
60422621
71052660
68742690
40214542
12861705
50938485
71518982
47945626
67304941
95800472
43922318
38360357
77431748
65787182
20922546
88515467
33286613
78619986
52834109
82416813
68799560
14514556
51672735
31095810
73421712
32213029
24048875
30504437
26959962
76810810
19398304
94603905
27684394
66910488
73999994
80061717
73342328
36361235
57321364
91173111
33093909
40031432
76186240
22385924
76571641
95055873
26796134
10003438
57396227
39828014
53619350
61004033
48998120
97242580
38139007
55825812
77750308
39470144
73092270
77040096
36238429
41933873
26117009
31759572
65050227
43644285
97169140
74800540
37642629
73127151
41504532
30997635
57587612
19784160
65945404
22320901
36394437
43432274
85252481
77435984
74425736
10238311
54078937
64943991
91785793
93523165
24259845
14969708
76488292
84046177
78020422
46061276
11336826
52115664
18645930
90420323
57020813
97806788
86973260
96624543
77357704
33140437
63322552
76258271
21104594
14540983
83383305
37573679
77939246
86989604
23544356
78275328
13264171
99862952
30967910
51738191
73721915
37265657
67914318
15698869
83798066
71528013
99519291
35001627
20174995
12864302
32824611
76957489
82597616
92004960
43051933
28040035
70355712
54229798
74469611
40087810
64096473
59336302
27401598
53377613
11783141
17853593
37892851
91124069
24050990
56812280
76252210
76864641
67770860
43076804
84902389
10419386
35123008
50098947
65419997
33980026
59859283
42089830
13776960
66992807
51138850
77989637
65332821
34901587
69629287
34170874
17307180
14486113
32474136
55630362
98996212
95562642
58693891
82739973
20617583
46392146
12629404
59890924
31520533
21918862
80234094
45805824
15752164
69374506
65186718
92762920
72325445
57738279
99456880
23941320
39586659
55536085
55007741
67746808
68943199
29644434
59508680
53731118
16933676
90624307
11731779
97928548
25637873
12913791
33328252
66254458
53073249
50608352
48921476
82179885
94530759
33711609
26209840
21680215
26772606
93428021
36099826
34524190
33100402
57129430
80032104
62231054
92378076
95937847
86719961
29410345
90198903
87790326
20384937
56485082
40879948
34968694
16122330
17990041
60872895
39422075
35039208
82741008
41059274
69631938
48358420
54654899
53161849
55078372
90374808
60090754
87770263
61643814
24207649
45256021
88419174
61448144
40101584
12119374
32620126
21190199
50239574
76565631
69479944
71368688
25907060
60999631
17704608
98191034
47321927
60015138
10760141
16417224
80200458
43197699
47702944
41293138
64634686
88652377
39338682
71853801
10660257
71473810
82675934
50831796
30268548
57730903
47404631
95646516
71593685
53665267
61266169
68173287
21354160
84873343
88709173
84201855
22386161
20619591
25379605
98692962
69046620
98673250
46050581
62546193
86676775
52138245
55804203
60304282
64097599
61586387
52477042
30009297
53683546
48583936
78767897
13185681
59894891
17118342
56219888
68116468
62864918
79795543
29533949
69526156
17438198
91905023
26388472
71119145
40027147
85997971
54161640
93795878
50630571
74525249
95539604
98660106
39793564
95347668
37574661
83643348
86694910
36144967
59448411
80084952
35965242
16366310
70114738
88772021
34736010
99076856
95048748
17016022
99620596
16860022
54035420
49903442
47190935
82570204
90065684
28132823
52216742
54014462
62741509
78716455
54194942
56680501
80717537
40907947
78209753
33313797
50942750
22411499
94609530
98937868
19549697
10060979
57942190
91811879
52095213
55850686
39836945
24356163
16700288
32866648
21079424
48529516
72399747
43488692
61199988
52719519
20667702
65467531
19071938
72452782
19867155
38671407
82739279
53821780
60440187
97403094
40346720
88451361
36370867
49870541
48218856
17334248
36961305
62304564
27152678
85939565
36392298
25359462
79179500
36361930
54947347
60837843
88213225
53066554
68591451
87333921
79692566
52659030
75245965
28079465
99124701
15041233
78249210
13693478
23961681
92391553
89891734
23869712
81960257
50698463
50875983
19819412
42154681
81987017
73261446
72457090
65566900
22136843
77844295
88544631
38495401
29540055
80545464
22806920
75643318
71286057
52476217
15130320
76224938
56158163
56388036
64838151
53557381
56014211
78876814
74969536
40615367
78281207
68593808
10224686
52773625
96312724
86879719
39527223
19216250
77612562
52036800
42783404
78161999
25199906
30277198
43154476
19927884
60840033
38962327
21029457
86799930
20783895
97817660
37678461
62138619
98133237
53275532
78458509
98679000
58934219
34103146
67543236
78110101
96732546
71329114
95998794
92918961
84687056
37174818
42825723
45379326
67840645
54772416
31434404
61815670
69301246
67815353
98211699
83999412
68983857
32256368
50646793
43923715
22979093
25574607
69249019
31250303
62261493
36004856
40659814
33416655
29056065
22111286
85558441
19746429
43035693
56627553
29713591
99021820
28604969
21842520
60806782
22975486
65185154
44980196
89169631
76944364
27568785
17659239
66837373
99923841
81450731
85299618
27683431
99611857
21907340
91528863
50740438
42785993
28980058
80633292
60952027
98781850
87311818
61366679
23587387
69767250
54014833
24502655
75827577
77146220
35383479
62158126
93050906
54094795
75553076
45933846
80312002
67924380
80400843
57794726
91075581
73164953
90860571
44762652
42480294
27729049
84435396
59317065
86961999
58574385
67938081
33403008
62450816
17631672
81668120
25759434
79166165
56705373
61471301
16037295
56706675
65416603
11961845
79389048
85297410
78336473
85808729
88733061
42420566
60549236
16002552
16509259
31538175
34370573
84915287
61091221
24252058
65666215
77227522
42288035
73929476
95468940
81131849
75293885
17728726
10325794
53716819
59304899
55981576
52107989
12435556
38951162
64478699
84258089
62881952
21719227
72530688
72551996
87989397
59946221
68607529
56308500
34075075
24478599
56238975
50250861
99327776
13555684
54696342
76850760
66104584
68872623
84620301
72946462
40177281
15907015
40216207
98167887
69750290
91213825
38759172
59222279
55527560
49815180
71002674
50127914
47850717
22630994
49304765
89917788
99812567
15813806
98475254
83288904
68374043
14578230
79436305
25223277
41799084
76952097
48905293
17562288
48383698
93281622
38726014
45731898
52092011
17039403
68635477
41649070
24059702
66882998
76761842
61444779
78634140
79906174
85394036
10539988
66792290
73304860
40857951
45726441
12842472
32183466
48229147
15546478
17899997
71110685
68966477
67694938
18971521
97301368
26901799
95852869
80009581
26920253
76003076
21832545
90789295
12099181
28178123
85779643
64309845
46982608
37420737
72068412
36366550
91172893
38116648
16221228
23701839
30135382
62189710
52244954
21015747
90162171
97287975
80075346
80938787
29005558
12345828
50781668
26673504
84945397
60858109
32153017
29572588
62646780
62935462
29338726
43935550
97442161
29187574
58250889
78592958
38432479
77662981
84889992
93631843
43818520
77131158
61703725
12012241
89479004
67658293
22361983
65219919
76204183
15232393
77498498
86294884
18015872
13954672
70399427
99849217
51802043
39055478
11775067
30047712
82055280
19110408
77548600
91295121
88482617
79195062
85689206
44998278
35581206
34574124
25129600
47743866
51311432
19539768
99599823
61224211
79955323
22599896
59446205
23962572
23340693
37756181
47149237
10731252
41315333
13589754
74760009
38485066
36096303
80620713
48860614
46021945
96786123
19800840
61068074
35387676
53756781
68033946
75102866
49942507
71344720
34181711
78566917
18911281
51179528
85242304
36720431
16497256
33738229
17751445
81166343
75629769
36335937
72062001
11658097
62942589
55482718
14372105
39518842
98536856
11690082
76158842
94114555
33621518
84228917
76093252
89578559
25453795
21032174
24383920
35677201
19765432
10407172
96730012
26461159
75724656
22152374
30636472
35164670
95988406
36087055
12421535
97187280
15393137
67227414
75673514
55935850
18504215
19276115
44028824
64126796
47788066
43773977
19700072
78824306
97274924
33958507
73444727
11598394
23324011
71594955
16997640
46091917
68283995
23905722
82577838
56833997
82678304
50727423
74610522
13651468
23204795
73559853
56076399
71535784
29489340
65683943
44911257
70726661
96051741
38584090
83884544
17054429
80719231
29662956
90481907
15842719
99106699
65945536
28479608
62537542
96332648
39059814
53534892
74676453
85786905
14176611
13323770
21872972
92014410
59028912
45098534
51441840
55973969
13531564
83351206
14662228
53226210
94853737
51897421
10221935
52527755
76567437
48310882
31956257
23352808
25886019
48204444
21338115
23201811
84400579
83756468
38936998
76061408
79984470
12820541
55106076
44868832
65371653
17807087
39690865
97324142
13909272
72775501
56934005
45349337
78702526
41656120
64060682
73907005
91124888
85257373
23763719
84850074
56835900
57631372
53829051
35561466
55537674
53324907
27241424
14565141
96056266
84359068
20365356
29328631
95495863
63747735
41858810
71736271
94949932
70623538
24108871
39984555
61324649
71890420
93568931
31458462
22217003
28575611
73260545
47229530
84025395
10757470
51663330
45555062
78287016
56708303
99770868
92793390
37148945
80995666
69087304
88538194
11474942
48948402
82630363
51780064
36402574
51958699
38989674
21946995
63121796
98800388
13211562
23495533
69765357
47105471
64899981
72249243
56742473
55928869
10798562
54599081
26467018
88128006
54140079
34057998
52011432
99183663
12311356
63293846
34281176
81678143
43763403
75652259
47512040
83233135
58044583
77159840
23426753
40840903
51453761
75404529
97216586
86254746
46266031
55329733
17027703
52600937
81235688
66957748
19055543
87005682
50959370
26858367
57426736
34856000
89579268
30506078
29350729
23888166
79204790
50673302
32544515
51476634
42685689
64103710
21667826
15620087
32837987
70727997
68714386
28305523
53913864
39277000
28554815
52195188
76809966
66094318
99948296
39321018
18024341
99633582
61445732
62507207
36630453
45810531
82239318
35823270
20417022
12998390
90464977
63517230
33130722
44453316
50511956
41123543
57094237
82099360
19757929
50918150
81694466
92672807
15918530
92376715
60462010
83288611
44528469
28608279
98243365
47795705
99298400
97189143
62776787
18645153
28688264
15557223
56940654
77086834
95091101
95814500
87717476
58267696
68123133
77229796
98880106
12922538
21275434
85058008
43780702
52285489
54015610
50797517
26533975
62472367
28321046
66074586
37581960
73770193
51878094
77729272
94897338
89085052
52682651
55262916
58837151
91282487
11904136
90567314
23328982
41100363
43356177
59945734
24574633
48211815
24350156
21975673
42640523
85149622
62379820
64327169
17194522
33925940
41897189
70887635
90224259
28927226
21709979
36128864
99643292
51645991
72734519
74738787
78699130
27348870
40738980
54482382
45081224
60548114
58810437
20343469
49572263
60026120
87974013
31405147
59689394
77618885
52416205
48566982
58957688
54981652
97767021
11349271
40260344
22588012
28640958
86640599
32520587
30842023
89246708
67031492
30944046
57828715
96458183
46878712
57996081
13256319
57962710
14233851
81634781
36062148
48967147
96519482
74996593
28811519
77433896
98580107
79044504
76535296
52273633
38269998
98454432
59615885
29664613
99937259
90686045
31855614
85533617
61013925
64259346
17423395
55461220
99340632
36717035
81895637
14859789
63545283
38396570
42877455
95794072
53974564
62032388
54305580
78491502
33268174
71464118
68117799
11286559
76178362
66755152
80397583
85085433
69443829
48035864
43936381
40392126
76966056
84997315
13075429
42510356
59504786
37801857
96331197
51578306
76902867
49117890
11649806
49766245
26056611
85588339
50215719
75215693
81461876
22877525
56297067
23578011
50912286
53473412
48941382
81515826
83531556
34000458
11921583
43647632
12026435
15246481
94363504
45125994
20470795
99824113
34586283
36103830
75359136
73745652
55201026
35696620
29387641
15868880
32788283
58881667
41455101
74098816
39137493
86896698
52157265
74160262
25476400
71511229
65772603
33428045
36962023
66834603
52245575
49371050
58692289
53203666
20222560
46815182
76603319
74568877
98239506
44752226
76272793
46127234
91609791
37133201
48347006
81535581
72295694
97121196
77324312
82694017
52367849
44263997
56337351
47934122
94051397
33553933
89181281
24152741
33990789
40987160
33742462
18273708
31618008
83842338
39807965
15711421
77400965
94797198
75786145
98692841
27953991
29447173
36826096
64130626
22096679
33570064
56486855
79058706
45757023
18099060
86735286
97158913
59030071
68380707
41980870
50457261
96074792
48786455
52714481
25415999
39554481
54827693
77483811
90619583
17186910
28579113
17936988
42319366
38382178
47363707
31891305
61411432
68812635
80317621
20480568
65988394
88954792
63895109
46583511
69553561
59774991
88899540
27508665
67145354
88118446
14461342
32239856
44322788
77096720
44737238
96327160
53509839
80557559
81359507
29899436
27784088
76837398
62794148
77818466
25681579
34991861
49073934
67788678
60075533
61317342
92092602
88818440
18469717
71532119
40765327
93558539
55436952
12939446
49660164
77409583
86481358
13498065
95220226
99952858
59393897
88500932
77596872
91895630
25983538
93549030
38827346
94840669
94830889
23674267
66412347
95219664
41708662
83792404
21468561
20637525
65717340
49133078
32972845
31736208
82195502
73055844
98608067
46095751
75014699
35435495
62342082
98284424
45347213
41889759
78318316
88107386
34838928
37307279
77685302
55556856
19188466
80607403
92513067
61650634
75496380
82792941
60104369
85804239
76225533
51149706
24136237
39544695
37421963
47866506
81663688
92094536
78301795
56078185
87627851
76974935
53285435
76445763
83192140
48133977
16129249
76066614
23641620
73692343
14199939
43942936
18533876
77084287
14217015
59866790
37549422
82022484
33458982
59186535
21545026
23683127
40906251
91451771
98835020
19604129
51895138
90706322
25000914
62846960
81098977
57689729
15730926
21022440
11007864
38089397
26823757
26701406
65964344
21366325
88896077
94831715
81480320
86888746
27674145
77167043
67353530
59554233
72839288
93873258
96092185
29600081
12907597
68760118
27772780
61292946
55195018
56886037
71812114
64331338
24269162
82819408
68420154
82785585
74232234
29016266
70000689
27607858
55129676
57988859
92488922
58039264
17278637
46215333
21042587
28417896
21879245
94490982
58267870
11559984
29198914
93086532
48738528
79960204
42761807
41073962
34553944
54303110
92126470
49689310
30324516
50511097
34746743
70493826
82149887
18529629
35155786
19622574
29429979
43473472
54807374
20633093
95738172
95409422
70210216
63816688
71403297
10354037
80501068
50174559
99449734
18341276
52357967
96386560
95235452
31721480
63886426
57638412
83434437
43414744
40675500
82933354
60788538
39157576
72789947
35376305
72467640
61304420
84561656
98403814
60879244
48536502
85667232
40874218
76849937
14405178
50079798
16981355
63384709
17003704
30032272
95643400
48117527
78700789
85870025
41029013
29193810
90285771
60279349
33494230
46774818
88566527
49432930
97400468
77883448
57488470
11237792
57788462
35535708
46730032
30628190
32481745
21883139
62244713
35079726
28943653
68737777
47676365
35234867
46338911
52591781
66597251
64374523
44030675
55182902
29172341
75246317
56686948
20866446
87168758
60367334
38647691
26596289
60364183
46504047
76790761
80349261
12151342
98845324
95061453
35582254
84060874
73036194
41084368
72544416
96932918
77114158
49970601
49624014
97678855
81143679
74722513
74669445
75730201
63791336
34848923
33787483
19105263
35783474
46557141
39551225
85976557
95896704
41221231
64124571
46083410
90468937
29891602
39609233
48188764
58164488
48681245
87488940
65666864
35565810
43629147
63436599
80839490
25347120
86355685
22884978
56722962
63362785
76144592
59368843
85023162
20336272
77699635
22452709
98364552
35519997
12714975
70333570
12444240
35416114
49425656
11832590
69289015
87281745
13272238
93434087
67731436
67300671
68395732
52425619
99169047
41013865
65921997
95829679
55118145
15257447
69325446
43727073
10626182
53711478
62175912
81480013
85928899
54608176
46397018
80293039
37859349
41630025
60294626
71937246
65297779
71342132
92983677
28116764
14824977
26771611
70361606
69170357
12072486
21132622
72563781
72892628
68768505
83753103
77155913
36956317
68743342
49579117
67854066
22317948
69266794
84026903
14497611
46825188
28744940
41467135
48376433
92127591
49945177
59410748
19620482
34762136
17463925
61885770
81771964
75400465
12846780
10012150
82017638
65846473
72093839
80904659
29833760
55087618
29555940
43574754
60474681
10626893
75961570
57076732
37087465
16834906
69030670
59010382
37930097
97350997
42880433
93062610
74496058
11165940
70014389
56611903
58280210
25187720
29334202
12883249
95378335
39795162
46793375
64319313
27948704
43221750
61904981
62797867
75074108
74943886
15839128
77867310
32233257
12893615
10526645
99309935
33843455
29867807
24823165
34730982
87563202
77615808
32945917
75134541
71141340
72413086
56205324
19674372
65065351
51685432
30934135
37434135
55944614
43314082
60944825
23077785
75525973
89420187
32148900
22523694
93890555
79274630
64712475
81066141
77469208
25976881
20437501
24583367
77823477
96385943
87398145
89860803
33373783
50795065
47274479
81340380
36115359
36054887
68797324
25209882
10823083
41937650
25088804
76302250
90660145
16272206
16129651
40986140
36733139
62746549
50665318
38252925
38091554
72132423
86056733
59738363
10795165
97894193
41655239
85345390
50276781
65066070
20398801
89153128
63772294
98917058
35318904
82374092
71847546
90674133
11964328
27024143
71645548
44451867
26794692
14311468
96538684
43909187
93869112
63971744
40294574
94322838
81382425
88477379
99797582
93918835
89613467
72392526
77876120
52049729
99124956
81010410
26749378
90968072
21160146
80836490
85556001
76467516
64555212
84593186
30457840
17146938
51259580
47737443
55602738
91723399
13399208
90554424
42928621
66198876
35552560
30578425
40985708
14601517
15274230
26010657
82484449
56122770
88336960
91883037
35011110
70524169
96885902
14790241
22567214
53637953
